recid	lon	lat	avgt
10365306000	   2.93	 11.13	 25.91
10365319000	   1.38	 10.32	 27.06
10365335000	   2.47	  8.03	 28.28
10365338000	   2.07	  7.17	 28.45
13361036000	   1.45	 14.20	 26.15
13361090000	   8.98	 13.78	 24.08
13361096000	  11.98	 13.23	 23.12
13761679000	 -16.07	 14.13	 25.57
13761695000	 -16.27	 12.55	  24.3
14168174000	  29.45	-23.87	 21.85
14168262000	  28.18	-25.73	 21.63
14168368000	  28.23	-26.13	 19.27
14168438000	  24.77	-28.80	 24.67
14168442000	  26.30	-29.10	 21.84
14168588000	  30.95	-29.97	 23.47
14168842000	  25.60	-33.98	 20.64
14168858000	  27.83	-33.03	 21.08
14168906000	  -9.88	-40.35	 13.33
20550745000	 123.92	 47.38	-17.31
20551777000	  88.17	 39.03	 -5.67
20552836000	  98.10	 36.30	 -8.83
20553068000	 111.53	 44.22	-16.55
20554292000	 129.47	 42.88	-12.92
20554342000	 123.43	 41.77	-10.32
20557036000	 108.93	 34.30	  0.81
20557083000	 113.65	 34.72	  1.38
20742314000	  95.02	 27.48	 16.87
20742410000	  91.58	 26.10	 18.04
20742647000	  72.63	 23.07	 21.99
20742671000	  78.75	 23.85	 19.54
20742754000	  75.80	 22.72	  19.3
20742867000	  79.05	 21.10	 21.51
20742933000	  77.07	 20.70	 22.54
20743041000	  82.03	 19.08	 21.42
20743057000	  72.82	 18.90	 25.49
20743128000	  78.50	 17.50	 22.28
20743185000	  81.15	 16.20	 24.15
20743314000	  75.78	 11.25	 26.99
20743369000	  73.15	  8.30	 26.75
21047401000	 141.68	 45.42	  -4.4
21047407000	 142.37	 43.77	  -7.0
21047409000	 144.28	 44.02	 -5.56
21047412000	 141.33	 43.05	 -3.62
21047418000	 144.40	 42.98	 -4.91
21047420000	 145.58	 43.33	 -3.62
21047421000	 140.23	 42.80	 -1.99
21047426000	 142.78	 42.17	 -1.98
21047430000	 140.75	 41.82	 -2.78
21047575000	 140.77	 40.82	 -1.32
21047582000	 140.10	 39.72	  0.35
21047585000	 141.97	 39.65	  1.04
21047590000	 140.90	 38.27	  2.05
21047598000	 140.90	 36.95	  4.23
21047600000	 136.90	 37.38	  3.38
21047605000	 136.63	 36.58	   3.7
21047618000	 137.97	 36.25	 -0.25
21047624000	 139.10	 36.40	  3.94
21047636000	 136.97	 35.17	  4.31
21047648000	 140.87	 35.73	  6.58
21047655000	 138.22	 34.60	  6.77
21047662000	 139.77	 35.68	  5.71
21047678000	 139.78	 33.10	 10.95
21047696001	 139.67	 35.28	  6.49
21047755000	 132.07	 34.90	  6.02
21047764001	 132.23	 34.15	  5.59
21047772000	 135.52	 34.68	  5.57
21047778000	 135.77	 33.45	  8.25
21047800000	 129.30	 34.20	  5.42
21047807000	 130.38	 33.58	  6.05
21047815000	 131.62	 33.23	  5.94
21047817000	 129.87	 32.73	  7.02
21047827000	 130.55	 31.55	  7.61
21047830000	 131.42	 31.92	  7.64
21047837000	 131.00	 30.73	 11.81
21047843000	 128.83	 32.70	  7.27
21047891000	 134.05	 34.32	  5.26
21047898000	 133.02	 32.72	  8.85
21047909000	 129.50	 28.38	  14.5
21047918000	 124.17	 24.33	 18.14
21047927000	 125.28	 24.78	 17.65
21047936000	 127.68	 26.20	 16.51
21047945000	 131.23	 25.83	 17.75
21047991000	 153.97	 24.30	 22.39
21941598000	  73.72	 32.93	 13.57
21941624000	  70.92	 31.82	 13.68
21941640000	  74.33	 31.55	 14.04
21941660000	  66.90	 30.30	  5.05
21941675000	  71.43	 30.20	 14.24
21941715000	  68.47	 28.30	 16.82
21941739000	  64.10	 26.97	 12.37
21941780000	  67.13	 24.90	 19.46
22147115000	 130.90	 37.48	  1.23
22147138000	 129.38	 36.03	  1.46
22147159000	 129.03	 35.10	  3.03
22147165000	 126.38	 34.78	  2.43
22147184000	 126.53	 33.52	  5.62
22223330000	  66.67	 66.53	-23.52
22223933000	  69.03	 61.02	-19.62
22224125000	 112.43	 68.50	-36.25
22224266000	 133.38	 67.55	-45.81
22224641000	 121.62	 63.77	-35.11
22224959000	 129.72	 62.02	-39.25
22225400000	 150.90	 65.73	-35.94
22225954000	 166.00	 60.35	-14.03
22228275000	  68.25	 58.15	-17.92
22228440000	  60.60	 56.80	-13.64
22228698000	  73.38	 55.02	-16.42
22229263000	  92.15	 58.45	-20.93
22229282000	  97.45	 58.38	-22.91
22229838000	  83.52	 53.43	-14.59
22229866000	  91.70	 53.70	-17.81
22231004000	 125.37	 58.62	-26.24
22231168000	 138.15	 56.45	-18.16
22231369000	 140.70	 53.15	-21.97
22231735000	 135.23	 48.53	-18.96
22340394000	  41.68	 27.43	 12.27
22340416000	  50.15	 26.27	 16.82
22340438000	  46.73	 24.72	 15.03
22938507000	  52.98	 40.03	  4.52
22938687000	  63.60	 39.08	  3.59
22938880000	  58.33	 37.97	  4.76
30187047000	 -65.48	-24.85	 20.72
30187078000	 -60.58	-24.70	 27.21
30187155000	 -59.05	-27.45	 26.18
30187270000	 -59.70	-29.18	 25.25
30187349000	 -63.88	-31.67	 22.53
30187395000	 -58.02	-31.30	 24.59
30187509000	 -68.40	-34.58	  22.1
30187534000	 -63.37	-34.13	 22.95
30187548000	 -60.92	-34.55	 22.31
30187860000	 -67.50	-45.78	 18.05
30485406000	 -70.33	-18.33	 21.25
30485442000	 -70.43	-23.43	 19.32
30485469000	-109.42	-27.15	 22.76
30485574000	 -70.78	-33.38	 19.98
30485682000	 -73.05	-36.77	 16.18
30485743000	 -72.63	-38.75	 15.59
30485782000	 -73.05	-40.60	 14.35
30485799000	 -73.08	-41.42	 13.67
30485934000	 -70.85	-53.00	 10.14
42570026000	-156.78	 71.30	-26.98
42570133000	-162.63	 66.87	-20.14
42570174000	-151.52	 66.92	-22.85
42570200000	-165.43	 64.50	-14.75
42570219000	-161.80	 60.78	-14.39
42570231000	-155.62	 62.97	-22.05
42570251000	-150.10	 62.30	-11.87
42570261000	-147.87	 64.82	-23.87
42570273000	-150.02	 61.17	-10.05
42570275000	-146.35	 61.13	 -6.72
42570291001	-141.94	 62.97	-26.33
42570296000	-145.50	 60.50	 -4.61
42570308000	-170.22	 57.15	 -2.98
42570316000	-162.72	 55.20	  -1.5
42570326000	-156.65	 58.68	-10.15
42570350000	-152.50	 57.75	 -0.97
42570361000	-139.67	 59.52	 -3.91
42570381001	-134.41	 58.30	 -2.65
42570398000	-131.57	 55.03	  1.94
42572201000	 -81.75	 24.55	 21.51
42572201001	 -81.68	 24.58	 20.79
42572202000	 -80.28	 25.82	 20.08
42572203000	 -80.10	 26.68	 18.99
42572203001	 -80.63	 26.65	 17.31
42572205000	 -81.32	 28.43	 15.81
42572205002	 -81.05	 29.18	 14.75
42572206000	 -81.70	 30.40	 12.55
42572206002	 -81.88	 30.22	 12.58
42572206003	 -81.67	 30.23	 13.16
42572206005	 -81.42	 30.40	 12.57
42572206006	 -81.47	 30.65	 12.43
42572206007	 -81.38	 31.15	 10.87
42572207000	 -81.20	 32.13	  9.69
42572207002	 -80.77	 32.38	  9.74
42572207003	 -80.72	 32.48	  9.59
42572208001	 -79.93	 32.78	  9.97
42572208002	 -80.18	 32.98	  8.06
42572211000	 -82.53	 27.97	 15.37
42572211001	 -82.75	 28.15	 15.41
42572211003	 -82.32	 28.73	 15.36
42572212001	 -82.08	 29.20	 15.07
42572212002	 -82.27	 29.68	 12.72
42572212003	 -82.60	 30.18	 12.37
42572214000	 -84.37	 30.38	 10.87
42572214001	 -84.65	 30.80	 10.92
42572215001	 -84.78	 33.43	  6.77
42572216002	 -83.53	 31.50	  9.14
42572217000	 -83.65	 32.70	  7.96
42572217002	 -83.47	 32.27	  8.11
42572217004	 -83.25	 33.08	  6.79
42572218000	 -81.97	 33.37	  7.56
42572218002	 -81.32	 33.37	  7.95
42572218003	 -82.65	 33.42	  7.63
42572219000	 -84.42	 33.65	  5.47
42572219001	 -83.87	 33.60	  6.38
42572220001	 -85.03	 29.73	 11.69
42572223000	 -88.25	 30.68	 10.61
42572223001	 -88.48	 30.40	 11.27
42572223003	 -87.88	 30.55	 11.01
42572225002	 -84.95	 32.52	  8.09
42572225004	 -85.18	 32.87	   7.5
42572226000	 -86.40	 32.30	  8.25
42572226001	 -85.95	 31.78	  9.31
42572226002	 -86.32	 31.95	   7.9
42572226006	 -87.00	 32.42	  9.16
42572227002	 -84.02	 34.55	  3.99
42572228000	 -86.75	 33.57	  6.24
42572229001	 -87.58	 32.70	  7.91
42572229002	 -87.62	 33.23	  6.11
42572231002	 -90.73	 29.58	  12.7
42572231003	 -90.78	 29.77	 11.89
42572231004	 -91.55	 29.82	 11.47
42572231005	 -90.02	 29.82	 11.33
42572231006	 -90.13	 29.92	 11.63
42572231008	 -91.03	 30.07	 11.28
42572231009	 -91.13	 30.53	 10.33
42572233001	 -89.38	 30.30	  9.74
42572233002	 -90.12	 30.53	 10.65
42572233003	 -90.53	 30.70	  9.51
42572233004	 -89.55	 30.85	 10.53
42572233006	 -89.83	 31.25	  9.59
42572233007	 -89.30	 31.32	  9.18
42572234000	 -88.75	 32.33	  7.42
42572234001	 -89.12	 31.68	  8.17
42572234003	 -87.73	 31.92	  7.62
42572234004	 -88.57	 32.55	  7.17
42572234005	 -88.13	 32.83	  6.33
42572234006	 -89.07	 33.13	  5.79
42572235000	 -90.08	 32.32	   7.5
42572235001	 -90.45	 31.55	  9.18
42572235002	 -90.10	 31.55	  7.49
42572235003	 -91.23	 31.95	  7.97
42572235005	 -90.37	 31.97	  8.45
42572235011	 -91.02	 33.38	  6.17
42572235012	 -90.52	 33.45	  6.49
42572240000	 -93.22	 30.12	  10.9
42572240001	 -92.67	 30.20	 11.28
42572241001	 -94.02	 29.95	 11.11
42572242000	 -94.80	 29.30	 12.08
42572243000	 -95.35	 29.97	 11.67
42572243002	 -95.28	 29.65	 11.67
42572243005	 -94.80	 30.05	 10.56
42572243006	 -96.40	 30.17	  9.93
42572247001	 -94.35	 32.53	  6.98
42572248000	 -93.78	 32.47	  8.16
42572249001	 -97.82	 32.77	  5.95
42572250000	 -97.42	 25.92	 15.23
42572250003	 -98.87	 26.38	 13.31
42572251000	 -97.50	 27.77	 13.21
42572251001	 -98.13	 27.23	 12.99
42572251002	 -97.82	 27.50	 13.75
42572251004	 -97.28	 27.68	 13.82
42572251005	 -98.07	 27.73	 13.12
42572251007	 -97.70	 28.45	 11.69
42572253000	 -98.47	 29.53	 10.23
42572253001	 -99.42	 28.03	  11.7
42572253008	 -98.72	 29.80	  9.29
42572253009	 -98.42	 30.10	  8.14
42572254000	 -97.70	 30.30	   9.9
42572254004	 -98.68	 30.75	  7.95
42572255000	 -96.92	 28.85	 12.03
42572255002	 -96.23	 29.05	 12.35
42572255003	 -96.95	 29.47	 11.83
42572256000	 -97.22	 31.62	  8.47
42572256002	 -96.48	 31.68	  7.86
42572257003	 -98.18	 31.05	  7.36
42572257005	 -97.32	 31.08	  8.39
42572259000	 -97.03	 32.90	  7.36
42572259003	 -96.12	 33.15	  5.67
42572259004	 -97.07	 33.63	  5.06
42572260001	 -99.00	 31.72	  6.79
42572260002	 -98.33	 32.10	  6.57
42572262002	-104.23	 32.42	  5.91
42572263000	-100.50	 31.37	  7.81
42572263002	 -99.98	 31.73	  7.81
42572264003	-103.50	 31.42	  7.07
42572265000	-102.18	 31.95	  6.63
42572265001	-102.20	 31.13	  8.29
42572265002	-103.20	 31.78	  6.74
42572265004	-102.67	 32.72	   5.2
42572266000	 -99.68	 32.42	  7.38
42572266003	 -99.75	 33.17	  5.85
42572267000	-101.82	 33.65	  4.23
42572267002	-101.25	 33.65	  3.96
42572268000	-104.53	 33.30	  3.53
42572269001	-106.75	 32.28	  5.91
42572270000	-106.40	 31.80	  6.43
42572271001	-108.15	 32.80	  2.55
42572271002	-107.18	 33.15	  5.15
42572273002	-109.60	 31.47	  6.92
42572273004	-110.05	 31.70	  9.09
42572274000	-110.93	 32.12	 10.61
42572274003	-109.68	 32.82	  6.65
42572278000	-112.02	 33.43	 10.77
42572278004	-110.88	 33.40	  6.79
42572278008	-111.15	 33.67	  9.28
42572278009	-112.73	 33.98	  8.79
42572280001	-114.65	 32.62	 11.77
42572280003	-114.72	 33.62	 12.47
42572281003	-115.55	 32.95	 12.48
42572289001	-118.15	 34.15	 13.45
42572290000	-117.17	 32.73	 13.46
42572290002	-117.10	 32.60	 12.14
42572290003	-117.20	 32.70	 13.35
42572293001	-116.58	 32.98	  4.69
42572295000	-118.27	 33.72	 13.78
42572297002	-117.88	 33.60	 13.12
42572297003	-117.73	 33.67	 13.03
42572297006	-117.78	 33.73	  12.6
42572304000	 -75.55	 35.27	   8.0
42572306000	 -78.78	 35.87	   4.8
42572306001	 -78.35	 35.52	   5.8
42572306002	 -77.95	 35.70	  4.78
42572306003	 -77.53	 35.88	  5.33
42572306005	 -78.32	 36.10	   3.1
42572308000	 -76.20	 36.90	  4.69
42572308002	 -76.20	 36.32	  4.97
42572308004	 -76.28	 36.95	  5.29
42572309001	 -76.88	 34.90	  7.27
42572309003	 -77.53	 35.22	  5.91
42572310001	 -81.77	 33.98	  6.01
42572310002	 -81.02	 33.98	  8.33
42572310003	 -81.42	 34.20	  7.17
42572310005	 -81.08	 34.37	  5.81
42572311000	 -83.32	 33.95	  6.14
42572311001	 -82.72	 33.72	  5.26
42572311002	 -82.58	 34.08	  5.88
42572311003	 -83.85	 34.30	  5.05
42572311004	 -83.32	 34.58	  6.08
42572312000	 -82.22	 34.90	  5.53
42572312001	 -82.20	 34.17	  5.54
42572312003	 -82.03	 34.50	  5.83
42572312004	 -82.67	 34.53	  6.04
42572312005	 -81.52	 34.63	  6.47
42572312006	 -82.82	 34.68	  5.63
42572312007	 -83.08	 34.75	  5.29
42572314000	 -80.93	 35.22	  5.07
42572314001	 -81.03	 34.93	  6.34
42572314002	 -80.50	 34.97	  5.67
42572314005	 -80.88	 35.82	  3.65
42572314006	 -81.53	 35.92	  4.51
42572315000	 -82.55	 35.43	  2.69
42572315001	 -83.18	 35.05	  2.63
42572315002	 -82.45	 35.33	  2.96
42572315003	 -82.97	 35.48	  2.33
42572315005	 -81.68	 35.75	  4.27
42572315008	 -82.40	 36.48	  1.89
42572317000	 -79.95	 36.08	  3.78
42572317001	 -80.48	 35.68	  4.47
42572317003	 -79.70	 36.38	  3.39
42572317004	 -80.62	 36.52	  3.04
42572317005	 -79.38	 36.58	  3.41
42572320003	 -85.62	 34.57	  2.99
42572323001	 -86.77	 34.65	   5.0
42572323004	 -87.77	 35.30	  2.57
42572324000	 -85.20	 35.03	  4.02
42572324002	 -85.80	 35.68	  3.91
42572326000	 -83.98	 35.80	  3.61
42572326002	 -83.20	 35.98	  2.03
42572326003	 -85.13	 36.02	   0.6
42572326005	 -82.98	 36.42	  1.97
42572326007	 -84.17	 36.73	  2.56
42572327000	 -86.68	 36.12	  3.57
42572327001	 -86.80	 35.45	   2.6
42572327002	 -86.37	 35.92	  4.57
42572327004	 -87.38	 36.07	  3.65
42572330003	 -90.97	 36.27	  3.13
42572330005	 -90.82	 36.58	  2.15
42572334000	 -90.00	 35.05	   4.8
42572334003	 -89.43	 34.82	  3.85
42572334004	 -90.00	 34.83	  4.83
42572334006	 -89.67	 35.57	  3.21
42572334008	 -88.83	 35.62	  3.18
42572340000	 -92.25	 34.83	   5.0
42572340001	 -91.27	 33.80	  5.49
42572340004	 -91.18	 34.88	  4.46
42572340006	 -92.47	 35.08	  5.26
42572340007	 -91.28	 35.60	  4.89
42572341001	 -95.52	 34.00	  6.85
42572341002	 -95.63	 34.25	  5.48
42572341003	 -94.27	 34.57	  5.22
42572344000	 -94.37	 35.33	  4.28
42572344001	 -94.62	 35.05	  5.37
42572344003	 -94.17	 36.10	  3.67
42572344004	 -94.45	 36.43	  2.59
42572349001	 -93.65	 35.30	  5.29
42572351000	 -98.48	 33.97	  5.78
42572351001	 -98.00	 34.17	  6.37
42572352001	 -99.68	 34.25	  4.16
42572352003	 -99.33	 34.58	  5.17
42572352005	 -99.43	 34.83	  4.96
42572352007	 -99.80	 35.20	  3.95
42572353000	 -97.60	 35.38	  3.88
42572353001	 -98.32	 35.63	  3.79
42572353002	 -97.90	 35.85	  3.73
42572354004	 -97.45	 35.88	   3.9
42572355001	 -98.45	 34.62	  5.07
42572355003	 -98.57	 35.12	  4.05
42572356000	 -95.88	 36.20	  3.36
42572356001	 -95.58	 36.32	  2.56
42572356002	 -96.35	 36.67	   3.1
42572356003	 -96.00	 36.75	   3.1
42572360002	-104.58	 36.37	 -1.33
42572363000	-101.72	 35.22	  2.49
42572363001	-102.25	 35.53	  1.41
42572363002	-100.63	 35.70	  1.87
42572365000	-106.62	 35.05	  1.37
42572365002	-106.75	 34.77	  1.21
42572365007	-106.68	 35.77	  0.11
42572370001	-114.22	 34.22	 12.31
42572370002	-114.62	 34.77	 11.84
42572371002	-112.53	 37.05	  2.21
42572371003	-112.98	 37.22	  4.84
42572371006	-111.60	 37.77	 -1.43
42572374000	-110.73	 35.02	  0.46
42572374003	-109.38	 34.52	  0.97
42572374004	-110.17	 34.90	   0.1
42572376002	-112.43	 34.57	  2.41
42572376003	-112.43	 34.65	  3.24
42572376004	-111.70	 35.10	 -1.78
42572376005	-112.18	 35.25	  0.85
42572376006	-111.73	 35.27	 -3.49
42572376007	-112.88	 35.32	  3.27
42572383001	-118.43	 34.70	  7.55
42572383003	-118.75	 35.03	  8.15
42572384000	-119.05	 35.43	  8.79
42572384001	-119.33	 35.60	  8.02
42572386000	-115.17	 36.08	  7.71
42572386001	-114.92	 35.47	  7.29
42572386002	-114.85	 35.98	  9.09
42572389000	-119.72	 36.77	  7.78
42572389001	-119.03	 36.38	  8.14
42572390001	-120.68	 35.63	  8.71
42572390002	-120.63	 35.67	  8.52
42572391003	-119.68	 34.42	 12.69
42572391004	-119.23	 34.45	 11.53
42572394000	-120.45	 34.90	 10.32
42572394002	-120.67	 35.30	 11.46
42572401000	 -77.33	 37.50	  2.97
42572401001	 -77.30	 37.30	  4.93
42572403001	 -78.12	 38.22	  1.43
42572403002	 -78.47	 38.90	  1.14
42572404004	 -76.18	 38.72	  2.36
42572405000	 -77.03	 38.85	  2.41
42572405002	 -77.30	 38.50	  2.11
42572406000	 -76.67	 39.18	  0.61
42572406003	 -76.90	 39.10	   1.7
42572406005	 -76.07	 39.22	  1.55
42572406006	 -76.62	 39.28	  2.55
42572406007	 -76.87	 39.33	  0.31
42572407000	 -74.57	 39.45	  0.42
42572407002	 -75.07	 39.37	  0.46
42572407003	 -74.43	 39.38	  1.75
42572408000	 -75.20	 40.00	   0.1
42572408001	 -75.52	 39.15	  1.99
42572408003	 -75.60	 39.67	  0.17
42572408004	 -75.53	 39.77	  0.13
42572408005	 -74.78	 39.80	  -0.1
42572408008	 -74.97	 39.97	  0.17
42572409005	 -74.57	 40.27	 -0.04
42572410001	 -78.38	 37.33	  3.19
42572410002	 -79.43	 37.78	  1.68
42572410003	 -78.52	 38.03	  2.36
42572411000	 -79.97	 37.32	  2.33
42572411001	 -79.90	 37.00	  1.89
42572412000	 -81.12	 37.78	 -0.56
42572412001	 -81.33	 37.08	 -0.67
42572412002	 -81.22	 37.30	   0.2
42572412004	 -80.40	 37.85	 -0.03
42572414000	 -81.60	 38.37	  1.04
42572414001	 -81.92	 38.53	  0.47
42572414006	 -81.85	 39.65	  -1.3
42572417001	 -78.93	 38.45	  0.39
42572417005	 -80.22	 38.98	 -0.33
42572417006	 -79.67	 39.10	 -1.35
42572417007	 -79.40	 39.40	 -2.54
42572417009	 -78.75	 39.63	  0.34
42572421000	 -84.67	 39.05	 -0.21
42572421001	 -84.62	 38.65	 -0.62
42572422000	 -84.60	 38.03	  0.43
42572422002	 -84.30	 37.57	  2.34
42572422003	 -84.87	 38.23	  0.09
42572423000	 -85.73	 38.18	  0.97
42572423003	 -86.48	 38.55	 -1.01
42572423004	 -86.08	 38.62	  0.44
42572424001	 -85.50	 37.25	  1.08
42572424002	 -86.30	 37.52	  1.95
42572425000	 -82.55	 38.37	  0.92
42572425003	 -83.55	 38.12	  1.35
42572425004	 -82.62	 38.45	 -0.03
42572425005	 -82.88	 38.75	  0.83
42572426001	 -82.98	 39.12	 -1.16
42572426002	 -83.62	 39.20	 -1.82
42572426004	 -82.95	 39.62	 -0.19
42572428000	 -82.88	 40.00	  -1.1
42572428003	 -83.78	 40.10	 -3.53
42572428006	 -83.60	 40.65	 -2.63
42572429000	 -84.20	 39.90	 -1.68
42572429001	 -85.18	 39.87	 -2.89
42572429002	 -84.65	 40.10	 -3.21
42572432000	 -87.53	 38.05	  0.36
42572432002	 -87.88	 37.95	  0.19
42572432003	 -88.50	 38.10	  1.02
42572432004	 -88.87	 38.35	  0.71
42572432005	 -87.58	 38.35	  0.53
42572432007	 -86.80	 38.67	 -0.73
42572432008	 -88.07	 38.70	  0.18
42572432009	 -87.50	 38.73	 -0.84
42572432010	 -87.62	 39.00	 -0.32
42572434000	 -90.37	 38.75	 -0.26
42572435000	 -88.77	 37.07	  1.78
42572435001	 -89.05	 36.40	   2.6
42572435003	 -89.23	 37.47	  1.34
42572435004	 -88.52	 37.73	  1.87
42572438000	 -86.27	 39.73	 -1.88
42572438001	 -86.55	 38.88	 -0.87
42572438005	 -85.45	 39.60	 -2.78
42572438006	 -86.85	 39.63	 -2.27
42572438007	 -87.23	 39.77	 -1.35
42572438009	 -86.93	 39.97	 -2.98
42572438010	 -86.35	 40.00	 -2.62
42572438011	 -85.72	 40.10	 -2.73
42572439002	 -89.48	 39.15	 -0.71
42572439003	 -89.87	 39.28	 -0.89
42572439005	 -89.70	 39.80	 -2.54
42572440000	 -93.38	 37.23	  1.24
42572440001	 -93.15	 36.27	  2.95
42572440003	 -94.37	 36.87	  2.79
42572440004	 -94.50	 37.15	  1.82
42572440005	 -93.95	 37.38	  1.99
42572440006	 -94.27	 37.50	  0.61
42572440007	 -94.03	 38.20	  0.98
42572445000	 -92.22	 38.82	 -0.34
42572445002	 -92.18	 38.58	  0.09
42572445004	 -92.43	 39.40	 -2.79
42572446005	 -94.33	 38.88	  0.52
42572446007	 -94.93	 39.32	  -0.8
42572449001	 -95.12	 39.57	 -0.96
42572449002	 -95.52	 39.67	 -1.54
42572449004	 -94.68	 40.25	 -3.21
42572450000	 -97.43	 37.65	  0.78
42572450002	 -96.83	 37.82	  0.91
42572451000	 -99.97	 37.77	 -0.04
42572451001	-100.53	 36.82	  1.94
42572451005	-100.90	 38.48	  0.13
42572451006	 -99.33	 38.87	  -1.8
42572452001	 -98.35	 36.77	  2.69
42572455002	 -96.58	 39.20	 -0.24
42572456000	 -95.62	 39.07	 -0.73
42572456001	 -95.28	 38.62	  0.28
42572456004	 -95.27	 38.97	  0.51
42572458000	 -97.65	 39.55	 -1.65
42572458001	 -97.70	 39.13	 -0.08
42572460002	-101.62	 36.60	  2.12
42572460003	-102.48	 36.73	  1.97
42572460004	-101.22	 36.87	  2.15
42572460005	-100.92	 37.05	  2.45
42572462000	-105.87	 37.43	 -8.58
42572462001	-104.95	 36.47	   0.1
42572462003	-105.40	 36.70	 -7.24
42572462004	-106.58	 36.92	 -5.08
42572462007	-106.35	 37.67	 -5.49
42572464000	-104.50	 38.28	 -0.59
42572464001	-104.48	 37.17	  0.59
42572464002	-104.33	 37.25	 -0.41
42572464003	-103.70	 38.03	 -0.45
42572465000	-101.68	 39.37	 -1.75
42572465001	-102.35	 38.82	 -1.21
42572465002	-101.80	 39.77	 -0.11
42572465003	-102.23	 40.07	 -0.31
42572466001	-104.72	 38.82	 -1.19
42572469000	-104.87	 39.78	 -0.22
42572469001	-106.03	 39.63	 -8.48
42572469007	-105.27	 40.00	  1.14
42572470001	-110.72	 38.37	 -1.96
42572470002	-110.17	 39.00	 -2.23
42572470003	-111.63	 39.25	 -2.65
42572471002	-112.43	 37.82	 -3.64
42572471003	-112.83	 37.83	 -0.95
42572471007	-112.08	 38.77	  -1.6
42572471008	-112.32	 38.95	 -0.91
42572476000	-108.53	 39.12	 -1.97
42572476001	-107.88	 38.48	 -2.69
42572476006	-108.75	 39.17	 -2.59
42572480004	-118.10	 38.38	  1.57
42572481001	-120.52	 37.28	  8.11
42572483001	-121.77	 38.53	  7.83
42572483003	-121.50	 38.60	  8.76
42572486000	-114.85	 39.28	 -3.77
42572486001	-114.77	 39.40	 -2.18
42572487001	-113.57	 37.12	  5.37
42572487002	-113.92	 37.80	 -1.02
42572488000	-119.78	 39.50	  1.55
42572488001	-120.13	 39.17	 -0.92
42572488002	-118.72	 39.42	  1.53
42572488003	-118.78	 39.45	  1.63
42572491004	-122.02	 36.98	  9.85
42572492000	-121.25	 37.90	  7.69
42572494000	-122.38	 37.62	  9.48
42572501003	 -72.30	 40.95	 -0.11
42572502002	 -74.40	 40.60	 -0.35
42572502003	 -74.17	 40.70	  0.46
42572502005	 -74.43	 41.03	 -2.99
42572502006	 -74.68	 41.38	  -2.7
42572503001	 -73.97	 40.78	  0.97
42572503004	 -73.80	 41.27	 -3.25
42572503005	 -73.97	 41.38	 -1.76
42572504001	 -73.55	 41.13	 -1.47
42572504002	 -73.13	 41.17	 -0.75
42572504006	 -74.15	 41.77	 -3.41
42572507002	 -72.05	 41.35	 -1.35
42572507003	 -71.53	 41.48	 -1.41
42572507005	 -70.93	 41.63	  0.45
42572507006	 -71.43	 41.73	 -1.28
42572507007	 -71.07	 41.90	 -2.34
42572508000	 -72.68	 41.93	 -2.66
42572508003	 -73.37	 41.95	 -3.89
42572508004	 -73.40	 42.18	 -4.63
42572509000	 -71.03	 42.37	 -0.94
42572513000	 -75.73	 41.33	 -2.85
42572514000	 -76.92	 41.25	 -2.49
42572514003	 -77.87	 40.80	 -2.97
42572515000	 -75.98	 42.22	 -5.06
42572515002	 -75.87	 41.83	 -5.67
42572515003	 -76.80	 42.10	 -4.08
42572515006	 -75.53	 42.53	  -5.9
42572515007	 -76.18	 42.60	 -5.15
42572517000	 -75.43	 40.65	 -2.15
42572517001	 -75.93	 40.42	  0.21
42572517002	 -74.88	 40.57	  -2.0
42572517004	 -75.08	 40.83	 -2.55
42572518000	 -73.80	 42.75	 -4.93
42572518002	 -73.68	 42.75	 -4.21
42572518003	 -73.82	 43.03	 -5.47
42572518004	 -74.35	 43.05	 -5.37
42572518005	 -73.62	 43.35	 -6.17
42572519000	 -76.12	 43.12	 -4.06
42572519002	 -76.50	 43.47	 -3.41
42572520000	 -80.22	 40.50	 -1.12
42572520001	 -79.72	 39.92	  0.35
42572520002	 -81.00	 40.27	 -1.33
42572521000	 -81.43	 40.92	 -2.79
42572521001	 -81.92	 39.83	 -0.69
42572521003	 -81.87	 40.25	 -2.05
42572521004	 -81.92	 40.55	 -1.99
42572521005	 -80.90	 40.72	 -2.96
42572521006	 -81.92	 40.78	 -3.03
42572523002	 -77.78	 42.25	 -4.86
42572523003	 -78.02	 42.30	 -4.53
42572523004	 -77.35	 42.35	 -3.63
42572523005	 -77.72	 42.57	 -3.23
42572523007	 -77.62	 42.78	 -4.26
42572524000	 -81.87	 41.42	 -2.64
42572524003	 -82.62	 41.27	 -2.25
42572525000	 -80.67	 41.25	 -3.61
42572525001	 -80.37	 41.02	 -1.85
42572525002	 -80.82	 41.20	 -2.05
42572525005	 -79.82	 41.38	  -3.4
42572526000	 -80.18	 42.08	  -2.5
42572526001	 -78.75	 41.42	 -4.71
42572526002	 -79.15	 41.85	 -2.99
42572528000	 -78.73	 42.93	 -3.53
42572528002	 -79.30	 42.45	 -2.63
42572528003	 -78.52	 42.75	 -4.79
42572529001	 -77.03	 42.88	 -3.87
42572529002	 -78.18	 42.98	 -3.76
42572529003	 -77.67	 43.13	 -3.47
42572530000	 -87.90	 42.00	 -4.87
42572530001	 -88.35	 41.75	 -5.04
42572531001	 -88.17	 39.48	 -1.05
42572531002	 -87.70	 39.62	 -1.53
42572531003	 -88.23	 40.10	 -2.58
42572531004	 -87.65	 40.13	 -1.89
42572531006	 -87.67	 40.47	 -2.91
42572532000	 -89.68	 40.67	 -4.01
42572532001	 -89.05	 40.90	 -3.76
42572533000	 -85.20	 41.00	 -3.64
42572533001	 -85.67	 40.57	 -3.43
42572533002	 -84.95	 40.67	 -2.51
42572533003	 -85.50	 40.85	 -2.62
42572533004	 -84.98	 41.63	 -4.57
42572535000	 -86.32	 41.70	 -3.67
42572535001	 -86.22	 41.07	 -4.22
42572535002	 -85.83	 41.57	 -3.51
42572535003	 -86.72	 41.60	  -3.8
42572535005	 -86.28	 42.40	 -2.87
42572536000	 -83.80	 41.60	 -3.77
42572536001	 -82.97	 40.82	 -3.35
42572536002	 -83.28	 40.83	 -2.24
42572536003	 -83.67	 41.02	 -3.09
42572536004	 -83.67	 41.05	 -3.19
42572536005	 -83.17	 41.12	 -2.26
42572536007	 -84.15	 41.52	 -4.07
42572536009	 -84.63	 41.93	 -4.28
42572537000	 -83.00	 42.40	 -3.23
42572537004	 -83.72	 42.30	 -3.19
42572537006	 -83.02	 42.42	 -2.87
42572539002	 -84.47	 42.27	 -4.73
42572539003	 -84.60	 42.80	 -4.91
42572539004	 -84.67	 43.38	 -4.56
42572543001	 -89.52	 41.83	 -5.13
42572543002	 -89.10	 42.20	 -5.98
42572543003	 -88.60	 42.25	 -5.74
42572543004	 -89.38	 42.62	 -7.33
42572544000	 -90.50	 41.45	 -5.07
42572544001	 -90.97	 40.58	  -3.1
42572544003	 -90.63	 40.92	 -3.57
42572544004	 -91.55	 40.95	  -4.2
42572544006	 -90.73	 41.23	 -4.31
42572544008	 -89.60	 41.55	 -4.79
42572545001	 -91.95	 41.03	 -4.26
42572545002	 -92.45	 41.10	 -4.43
42572545003	 -91.68	 41.28	  -4.1
42572545005	 -92.27	 41.90	 -5.61
42572546000	 -93.65	 41.53	 -4.87
42572546001	 -92.78	 41.07	 -3.77
42572546002	 -93.55	 41.37	 -4.23
42572548002	 -93.25	 42.52	 -7.03
42572548003	 -92.40	 42.55	 -7.56
42572548004	 -91.80	 42.85	 -7.56
42572548005	 -92.67	 43.05	 -7.58
42572548006	 -92.32	 43.07	 -8.12
42572549001	 -94.62	 42.40	 -5.99
42572549002	 -94.20	 42.50	  -6.2
42572549003	 -94.30	 43.07	 -7.55
42572549004	 -93.33	 43.15	 -8.24
42572549005	 -93.63	 43.28	 -7.91
42572551001	 -96.15	 40.10	  -1.4
42572551002	 -96.22	 40.37	 -2.79
42572551003	 -96.95	 40.62	 -2.81
42572551004	 -96.18	 40.67	 -3.87
42572551005	 -97.10	 40.90	 -3.23
42572551007	 -97.12	 41.27	  -3.7
42572552002	 -98.52	 40.10	  -2.3
42572552003	 -99.37	 40.43	 -2.55
42572552004	 -98.95	 40.52	 -3.13
42572552005	 -98.38	 40.65	 -3.71
42572552006	 -97.60	 40.87	 -3.37
42572552007	 -98.47	 41.27	 -4.23
42572552008	 -98.97	 41.28	 -4.59
42572552009	 -98.77	 41.50	 -3.95
42572553001	 -95.78	 41.63	 -4.38
42572553002	 -96.22	 41.77	 -4.27
42572554002	 -95.03	 40.73	 -3.59
42572554003	 -96.15	 40.87	 -3.39
42572556000	 -97.43	 41.98	 -5.92
42572556001	 -97.77	 41.45	 -4.26
42572556002	 -97.98	 41.67	 -5.61
42572556003	 -97.45	 41.83	 -4.78
42572557000	 -96.38	 42.40	 -6.14
42572557001	 -96.87	 42.27	 -5.93
42572557002	 -96.92	 42.75	 -6.01
42572557003	 -96.17	 42.78	 -7.04
42572558001	 -96.35	 41.05	 -4.64
42572561003	-102.63	 41.15	 -2.09
42572561004	-103.67	 41.25	 -2.11
42572562000	-100.68	 41.13	 -4.26
42572562001	-100.50	 40.67	 -2.59
42572562002	-100.17	 40.93	 -2.76
42572564000	-104.82	 41.15	 -2.46
42572564001	-104.15	 41.17	 -2.26
42572564002	-105.68	 41.32	 -6.21
42572564003	-104.82	 41.75	 -1.81
42572566001	-103.10	 41.67	 -2.39
42572566002	-103.60	 41.87	 -3.13
42572566003	-104.22	 42.08	 -2.21
42572566005	-103.88	 42.68	 -5.25
42572566006	-104.48	 42.75	 -3.76
42572567000	-100.55	 42.87	  -5.3
42572567001	-100.25	 42.07	 -3.63
42572567002	-100.48	 43.50	 -4.05
42572569000	-106.47	 42.92	 -4.35
42572572000	-111.97	 40.78	 -1.51
42572572001	-111.60	 40.08	 -1.17
42572572003	-111.42	 40.50	 -5.05
42572572004	-112.30	 40.53	 -0.86
42572572005	-111.50	 40.55	 -5.08
42572572006	-111.65	 41.03	 -4.37
42572572010	-110.95	 41.27	 -6.37
42572572011	-111.15	 41.53	 -8.74
42572572012	-112.12	 41.55	 -2.65
42572572013	-111.80	 41.75	 -3.46
42572572014	-111.32	 41.82	 -5.06
42572576000	-108.73	 42.82	 -4.89
42572578000	-112.60	 42.92	 -3.41
42572578001	-112.28	 42.17	 -4.55
42572578002	-113.88	 42.23	 -0.37
42572578003	-113.77	 42.53	 -1.47
42572578004	-111.73	 42.58	 -5.63
42572578005	-112.83	 42.95	 -4.73
42572581000	-114.03	 40.73	  -1.0
42572582002	-115.78	 40.83	 -3.69
42572582003	-114.97	 41.12	 -4.76
42572583000	-117.80	 40.90	 -0.07
42572583004	-116.88	 40.62	 -0.39
42572583005	-117.48	 40.95	  0.36
42572583006	-120.17	 41.53	  0.73
42572591001	-123.20	 39.15	  8.86
42572591003	-121.82	 39.70	  7.96
42572591004	-122.20	 39.75	  7.71
42572592001	-122.30	 40.50	  9.34
42572592003	-122.32	 41.32	  2.36
42572594000	-124.17	 40.80	  8.79
42572594001	-123.78	 39.50	  9.12
42572594002	-123.53	 41.30	  6.31
42572597000	-122.87	 42.37	  3.64
42572597001	-122.63	 41.72	  2.31
42572597003	-124.25	 42.03	  8.87
42572597006	-121.78	 42.20	 -0.07
42572597007	-122.72	 42.22	  3.59
42572597008	-123.35	 42.43	  5.09
42572597011	-122.52	 42.73	  3.17
42572597012	-122.13	 42.90	 -2.75
42572597013	-123.35	 42.95	  5.77
42572605000	 -71.50	 43.20	 -5.37
42572605002	 -70.95	 43.15	 -4.13
42572606000	 -70.32	 43.65	 -5.16
42572608001	 -68.27	 44.35	 -3.83
42572612001	 -72.82	 44.92	 -7.71
42572612002	 -71.28	 45.08	-11.13
42572613001	 -71.30	 44.30	 -14.5
42572614001	 -72.45	 43.98	 -8.97
42572614003	 -72.02	 44.42	 -7.02
42572617000	 -73.15	 44.47	 -7.25
42572617004	 -73.98	 44.25	 -8.79
42572617006	 -73.72	 44.72	 -7.04
42572617008	 -73.43	 44.88	 -6.79
42572618001	 -70.15	 44.68	 -8.25
42572619003	 -68.67	 44.90	 -6.94
42572619005	 -68.70	 45.65	 -9.12
42572632001	 -82.83	 42.62	 -4.19
42572635000	 -85.52	 42.88	 -4.27
42572636000	 -86.23	 43.17	 -3.73
42572636003	 -86.35	 43.68	 -3.94
42572636004	 -85.48	 43.70	 -6.35
42572637000	 -83.75	 42.97	  -4.6
42572637002	 -84.08	 43.53	 -5.13
42572637003	 -84.22	 43.62	 -4.76
42572638002	 -85.58	 44.73	 -6.64
42572639000	 -83.57	 45.07	 -7.11
42572639001	 -83.50	 44.28	 -5.17
42572640000	 -87.90	 42.95	 -6.03
42572640001	 -87.77	 42.70	 -5.07
42572640002	 -88.03	 43.07	 -6.01
42572641000	 -89.33	 43.13	 -7.39
42572641001	 -88.73	 43.18	 -6.53
42572641002	 -89.43	 43.52	 -6.93
42572641003	 -89.53	 44.12	 -8.81
42572643001	 -90.92	 43.57	 -8.12
42572643002	 -91.30	 43.90	 -8.02
42572643004	 -90.13	 44.65	 -9.69
42572643005	 -91.50	 44.90	-10.31
42572644000	 -92.50	 43.92	 -9.56
42572644001	 -93.42	 43.62	 -8.73
42572644002	 -92.57	 43.70	 -9.51
42572644003	 -92.67	 44.30	 -8.76
42572645000	 -88.13	 44.48	 -8.28
42572645001	 -88.45	 43.80	 -7.31
42572645002	 -88.55	 44.03	 -7.47
42572645003	 -87.68	 44.10	 -6.24
42572645006	 -89.60	 44.90	 -9.89
42572648002	 -88.08	 45.78	 -8.98
42572650001	 -95.18	 42.63	 -8.35
42572650002	 -94.83	 43.42	 -8.19
42572650003	 -94.47	 43.63	 -8.51
42572650004	 -94.17	 43.77	 -9.81
42572651000	 -96.73	 43.58	 -8.34
42572651001	 -97.58	 43.23	 -6.37
42572651002	 -96.67	 43.30	 -7.17
42572651004	 -97.78	 43.65	 -6.64
42572651005	 -96.32	 44.02	-10.23
42572653002	-100.70	 43.88	 -5.65
42572653003	 -99.87	 43.92	  -6.9
42572653004	 -99.07	 44.07	 -7.84
42572653005	-100.28	 44.38	 -7.18
42572653007	 -99.47	 44.52	 -8.09
42572654000	 -98.22	 44.38	  -9.0
42572654001	 -97.52	 44.02	 -8.39
42572654002	 -98.07	 44.03	 -7.66
42572654003	 -97.73	 44.88	 -9.93
42572655000	 -94.07	 45.55	-11.53
42572655003	 -93.30	 45.88	-11.27
42572658000	 -93.22	 44.88	 -9.77
42572658001	 -93.18	 44.67	 -9.55
42572659000	 -98.43	 45.45	-10.85
42572659001	 -99.13	 45.03	 -9.03
42572659002	 -98.50	 45.15	 -9.65
42572659003	 -99.63	 45.78	 -10.7
42572659004	 -98.40	 46.15	-11.31
42572661001	-104.20	 44.93	 -4.71
42572661003	-104.53	 45.88	 -6.33
42572661004	-102.65	 45.98	 -8.09
42572661005	-102.87	 46.55	 -8.91
42572662001	-103.47	 43.43	 -3.19
42572662002	-104.22	 43.85	 -4.39
42572662004	-103.28	 44.12	  -2.8
42572666001	-106.83	 44.83	 -5.39
42572670001	-110.58	 43.85	 -9.07
42572670003	-107.97	 44.02	 -6.64
42572670004	-108.05	 44.38	 -5.44
42572670008	-108.75	 44.78	 -3.75
42572670010	-110.70	 44.97	 -6.01
42572670011	-109.25	 45.18	 -3.69
42572670012	-110.57	 45.48	 -1.28
42572671002	-109.07	 41.60	-10.36
42572671005	-109.87	 42.87	 -10.0
42572671006	-111.03	 43.78	 -6.33
42572672000	-108.47	 43.07	 -7.14
42572672001	-108.93	 43.23	 -4.34
42572677000	-108.53	 45.80	  -2.9
42572677005	-108.32	 46.85	 -4.61
42572681000	-116.22	 43.57	  0.08
42572681004	-114.35	 43.68	 -6.02
42572681006	-116.93	 44.08	  0.27
42572681008	-116.68	 44.57	 -2.96
42572683001	-120.37	 42.22	 -0.85
42572683003	-118.83	 43.28	 -0.47
42572688000	-118.85	 45.68	  3.38
42572688002	-117.88	 45.22	  0.64
42572688005	-119.55	 45.37	  3.16
42572688006	-118.82	 45.48	  3.01
42572693000	-123.22	 44.12	  5.73
42572693001	-123.37	 43.22	   5.7
42572693002	-124.25	 43.42	  7.69
42572693003	-123.32	 43.67	  5.71
42572693005	-121.28	 44.07	   1.1
42572694002	-120.90	 44.35	  1.51
42572694004	-123.20	 44.63	   5.0
42572698000	-122.60	 45.60	  5.82
42572698002	-122.15	 45.45	  4.83
42572698007	-122.65	 45.68	  5.11
42572698008	-121.52	 45.68	   3.1
42572698010	-122.92	 46.15	  5.17
42572712000	 -68.02	 46.87	-10.25
42572713001	 -67.78	 46.13	 -9.39
42572713002	 -67.83	 46.20	 -9.02
42572713003	 -68.00	 46.65	 -9.48
42572734000	 -84.40	 46.50	 -9.19
42572734002	 -85.50	 46.33	 -8.32
42572741002	 -90.35	 45.13	-10.49
42572741003	 -91.88	 45.82	-11.13
42572741005	 -90.18	 46.47	-10.63
42572743000	 -87.40	 46.60	 -8.02
42572743001	 -88.62	 46.05	-10.31
42572743002	 -86.92	 46.33	 -7.76
42572743005	 -87.98	 46.52	 -8.92
42572744001	 -88.50	 47.17	 -9.59
42572745000	 -92.18	 46.83	-12.33
42572745001	 -92.52	 46.70	 -12.2
42572745002	 -91.67	 47.02	-10.17
42572745003	 -92.85	 47.38	-14.33
42572745004	 -92.57	 47.47	-13.99
42572747000	 -93.38	 48.57	-15.93
42572750001	 -94.12	 46.67	-12.07
42572750003	 -95.07	 46.90	-13.09
42572753000	 -96.80	 46.90	-12.63
42572753002	 -96.60	 46.32	-11.71
42572753003	 -97.68	 46.43	 -11.5
42572753006	 -97.07	 47.45	-12.83
42572753008	 -97.08	 47.93	-13.87
42572755002	 -95.20	 47.22	-14.05
42572755003	 -94.22	 47.25	-12.58
42572755005	 -95.73	 47.57	-13.41
42572756001	 -94.62	 48.72	-15.26
42572758001	 -98.68	 46.88	-11.75
42572758006	 -97.42	 48.42	-14.21
42572758007	-100.30	 48.62	-14.84
42572758008	 -98.33	 48.75	-15.63
42572758009	-100.45	 48.83	-15.53
42572764000	-100.75	 46.77	 -11.7
42572764002	-102.33	 46.38	 -9.37
42572764003	 -99.77	 46.50	-11.91
42572764005	-100.90	 46.80	-11.55
42572765002	-102.80	 46.88	-10.47
42572765003	-102.32	 46.88	 -9.56
42572765004	-102.65	 47.35	 -11.2
42572765005	-101.28	 48.27	-12.03
42572767000	-103.63	 48.18	-11.49
42572767001	-104.35	 47.45	 -9.15
42572767002	-104.45	 48.48	-11.46
42572767003	-103.30	 48.90	-12.47
42572768000	-106.62	 48.22	-10.28
42572768001	-106.90	 47.32	 -7.26
42572768003	-107.73	 48.40	 -9.57
42572772000	-112.00	 46.60	 -4.09
42572772001	-112.63	 45.20	 -2.97
42572772003	-111.95	 45.30	 -3.87
42572772004	-111.72	 45.35	 -3.16
42572772005	-111.63	 45.48	 -1.39
42572772006	-111.05	 45.67	 -3.38
42572772010	-112.95	 46.13	 -3.62
42572773000	-114.08	 46.92	 -4.12
42572773001	-113.90	 45.18	 -3.95
42572773002	-114.15	 46.25	 -1.19
42572773003	-113.30	 46.32	 -3.87
42572775001	-109.95	 47.05	 -4.47
42572775004	-112.25	 48.32	 -5.07
42572776000	-111.38	 47.47	 -3.87
42572776001	-111.72	 47.22	 -2.55
42572776002	-112.38	 47.48	  -3.4
42572777001	-109.80	 48.50	 -8.25
42572777002	-109.23	 48.58	 -8.55
42572779000	-114.27	 48.30	 -4.26
42572779002	-112.37	 48.60	 -6.56
42572779003	-114.90	 48.78	 -3.68
42572781000	-120.53	 46.57	  0.75
42572781001	-120.72	 45.48	  1.73
42572781003	-120.55	 46.97	 -0.55
42572781004	-120.95	 47.18	 -0.01
42572781005	-120.20	 47.40	 -0.23
42572781006	-120.32	 47.42	  0.55
42572783000	-117.02	 46.38	  2.32
42572783003	-116.30	 46.50	   1.8
42572783004	-116.97	 46.73	 -0.03
42572783005	-117.18	 46.77	   0.2
42572784001	-119.10	 46.22	  3.59
42572785002	-116.12	 47.53	 -0.47
42572785003	-117.53	 47.63	 -1.11
42572785005	-116.57	 48.28	 -0.99
42572786001	-118.37	 47.12	 -0.01
42572786002	-118.70	 47.32	  0.43
42572786004	-118.13	 47.65	 -1.55
42572786006	-116.83	 48.35	 -2.09
42572786008	-117.78	 48.92	 -2.44
42572786009	-116.50	 49.00	 -2.07
42572788003	-118.42	 45.95	  4.23
42572788005	-118.00	 46.32	  2.67
42572789002	-120.72	 48.35	 -0.07
42572789003	-120.18	 48.47	 -4.47
42572791000	-123.88	 46.15	  6.01
42572791001	-123.87	 45.45	  6.51
42572791002	-124.03	 46.37	  6.34
42572791003	-123.72	 46.65	  5.76
42572793000	-122.33	 47.60	  5.18
42572793002	-121.73	 47.42	  2.68
42572793007	-122.30	 47.65	  5.68
42572793010	-122.18	 47.98	  4.83
42572797001	-124.37	 47.95	  4.91
42574001003	 -86.20	 35.35	  4.11
42574002002	 -76.97	 39.55	 -0.57
42574002004	 -76.75	 39.92	 -0.45
42574002005	 -77.63	 39.93	 -1.24
42574201001	-123.43	 48.12	   4.9
42574201002	-122.75	 48.12	  5.81
42574201005	-122.80	 48.62	  4.83
42574201006	-122.52	 48.72	  4.23
42574201008	-122.33	 48.97	  3.41
42574201009	-122.75	 49.00	  3.89
42574206001	-121.82	 46.75	   0.7
42574206003	-122.00	 47.17	  4.55
42574230001	-104.50	 46.42	 -7.52
42574230002	-105.87	 46.43	 -7.39
42574230003	-104.97	 46.77	 -8.07
42574230004	-104.72	 47.10	 -7.88
42574341001	 -94.45	 44.30	 -8.43
42574341003	 -94.93	 44.72	 -9.64
42574341004	 -95.75	 44.93	-10.21
42574341005	 -95.93	 45.13	-10.59
42574341007	 -95.88	 45.58	-12.26
42574357001	 -90.78	 42.83	 -6.93
42574357002	 -91.15	 43.03	 -6.74
42574365001	 -84.78	 45.57	  -8.2
42574365002	 -84.47	 45.65	 -6.14
42574370001	 -75.48	 43.80	 -6.27
42574370003	 -75.87	 43.97	  -5.8
42574370004	 -76.02	 44.00	 -6.36
42574370005	 -74.90	 44.15	 -8.03
42574370006	 -75.12	 44.57	 -7.73
42574370008	 -74.65	 44.75	 -7.34
42574389001	 -70.22	 44.10	  -5.3
42574392001	 -69.93	 43.88	 -5.25
42574392002	 -69.78	 44.22	 -6.36
42574392003	 -69.80	 44.32	 -6.07
42574413002	-114.13	 42.60	  -1.2
42574413003	-114.52	 42.73	 -0.97
42574420001	-110.40	 40.17	 -6.25
42574420002	-109.87	 40.28	 -8.22
42574420003	-109.52	 40.45	 -7.39
42574421002	-106.83	 40.50	 -8.35
42574431005	-104.95	 42.12	 -0.82
42574433001	 -99.88	 39.02	 -0.85
42574433003	 -99.83	 39.70	 -1.17
42574433005	-100.52	 39.83	 -1.34
42574433006	 -99.83	 40.13	 -1.71
42574433007	-101.63	 40.52	 -1.65
42574440000	 -97.33	 40.10	 -3.61
42574440002	 -96.75	 40.30	 -1.98
42574440003	 -97.60	 40.53	 -2.79
42574440004	 -97.58	 40.63	 -2.66
42574445001	 -97.97	 42.07	 -5.01
42574455001	 -90.27	 41.80	 -5.25
42574455002	 -89.97	 41.82	 -4.83
42574460001	 -88.63	 40.88	 -2.97
42574460002	 -88.92	 41.33	 -3.34
42574465001	 -87.28	 41.55	 -2.97
42574466005	 -86.58	 41.02	 -3.77
42574468001	 -85.77	 38.70	 -0.73
42574468005	 -85.92	 39.20	 -1.41
42574480001	 -74.97	 42.52	 -4.42
42574480002	 -74.92	 42.70	 -5.16
42574480005	 -74.87	 43.07	 -5.84
42574480007	 -75.38	 43.15	 -5.17
42574484001	 -72.32	 42.95	 -4.81
42574484002	 -72.60	 43.38	 -6.68
42574490006	 -71.28	 42.48	 -3.37
42574491001	 -72.53	 42.38	 -4.33
42574492000	 -71.12	 42.22	 -2.56
42574492001	 -70.70	 41.98	 -0.67
42574506002	-122.43	 37.77	 11.25
42574509004	-121.77	 37.67	  7.76
42574516001	-122.65	 38.27	  8.85
42574516004	-121.95	 38.40	  8.29
42574516005	-122.70	 38.45	  8.59
42574516006	-122.87	 38.62	  9.52
42574521001	-109.55	 37.28	 -0.21
42574521003	-109.48	 37.62	  -1.8
42574521004	-107.13	 37.77	-10.73
42574521006	-107.87	 37.95	  -6.1
42574530001	-101.25	 37.93	 -0.86
42574530002	-102.12	 38.05	 -1.65
42574530004	-102.62	 38.08	 -0.92
42574531002	-105.28	 39.22	 -1.97
42574533002	-105.08	 40.58	 -1.67
42574541001	 -99.33	 37.27	  1.66
42574541002	 -99.10	 38.18	  0.71
42574542001	 -94.88	 36.88	   3.4
42574542002	 -96.18	 37.13	  0.97
42574542003	 -94.85	 37.17	  2.28
42574542004	 -95.70	 37.25	  1.69
42574542006	 -94.70	 37.85	  1.45
42574545001	 -97.67	 38.38	  0.19
42574550001	 -92.27	 37.15	  1.99
42574550002	 -92.65	 37.67	  1.64
42574550004	 -93.37	 38.25	  0.99
42574551002	 -93.42	 38.97	  0.94
42574551003	 -93.87	 39.20	 -1.39
42574551004	 -93.12	 39.42	 -0.59
42574556002	 -90.38	 39.43	 -1.19
42574556005	 -90.20	 39.73	 -1.67
42574556007	 -91.88	 39.97	 -1.71
42574594003	 -76.80	 38.97	   1.4
42574595001	 -75.52	 38.33	  2.49
42574595002	 -75.58	 38.37	  3.25
42574595003	 -75.58	 38.83	  1.74
42574598003	 -76.70	 37.30	  4.15
42574611001	-116.78	 34.87	  9.29
42574619001	-116.87	 36.47	 12.55
42574629001	-106.10	 32.38	  5.87
42574630001	-106.88	 34.08	  2.79
42574635005	-108.00	 36.83	 -0.91
42574638001	-102.73	 34.23	  2.69
42574638003	-104.25	 34.47	  3.13
42574640002	 -99.40	 35.60	  3.27
42574640003	 -98.32	 36.12	  3.89
42574640004	 -99.17	 36.23	  2.97
42574640007	 -99.62	 36.83	  2.99
42574647002	 -97.10	 36.12	  3.81
42574647003	 -97.30	 36.28	  3.95
42574647005	 -97.87	 36.42	  3.37
42574647006	 -97.80	 36.72	  2.86
42574647007	 -97.10	 36.73	  1.71
42574647008	 -97.05	 36.88	  2.65
42574648002	 -96.30	 35.43	  4.67
42574648004	 -96.02	 35.62	  4.25
42574648005	 -95.33	 35.77	  4.68
42574648006	 -94.97	 35.93	  4.23
42574649001	 -97.15	 34.20	  6.99
42574649003	 -97.28	 34.73	  5.05
42574649004	 -96.68	 34.78	  5.72
42574662001	 -89.67	 36.20	  2.95
42574662003	 -89.97	 37.30	  1.45
42574671002	 -87.37	 36.55	  2.72
42574693001	 -78.98	 34.62	  5.67
42574693002	 -78.87	 35.07	  5.53
42574693004	 -77.97	 35.33	  5.51
42574695001	 -76.62	 36.05	  6.57
42574699001	 -78.02	 34.00	  8.38
42574699002	 -77.90	 34.30	  8.33
42574702001	-119.65	 36.30	  7.67
42574718001	-116.17	 33.63	 13.01
42574731001	-104.68	 34.95	  4.19
42574731003	-103.68	 35.20	  3.98
42574732002	-105.85	 32.95	  3.11
42574732004	-106.05	 33.08	  5.83
42574733001	-105.88	 33.63	  2.12
42574734001	-106.73	 32.62	  3.69
42574735001	-100.92	 32.72	  5.12
42574750002	 -96.47	 32.08	  7.43
42574752002	 -95.03	 33.63	  5.98
42574752003	 -93.38	 33.80	  6.79
42574753001	 -91.72	 32.10	  7.58
42574753002	 -92.33	 32.52	  7.06
42574753003	 -92.05	 32.52	  7.77
42574753004	 -91.90	 32.78	  8.29
42574754002	 -92.47	 31.32	  8.77
42574754004	 -91.38	 31.55	  9.16
42574755001	 -91.98	 30.20	 10.54
42574755002	 -92.03	 30.43	 10.71
42574769005	 -88.52	 33.83	  6.89
42574769006	 -89.00	 34.15	  5.63
42574769008	 -89.53	 34.38	  4.35
42574777001	 -87.32	 30.35	  11.0
42574777003	 -87.20	 30.47	 10.62
42574777005	 -87.02	 30.72	 10.64
42574777006	 -87.05	 31.07	  9.73
42574778001	 -86.07	 30.73	 10.09
42574780001	 -81.92	 31.93	 10.49
42574781001	 -83.43	 30.53	 11.55
42574781002	 -83.58	 30.80	  9.88
42574790001	 -80.35	 33.93	  6.94
42574790004	 -80.65	 34.25	  5.86
42574790005	 -79.88	 34.30	  7.37
42574791003	 -79.05	 33.83	  7.67
42574792001	 -80.87	 33.50	  7.41
42574792002	 -79.82	 33.65	  7.57
42574795001	 -80.35	 27.47	 17.29
42591165000	-159.35	 21.98	 21.66
42591182000	-157.93	 21.35	  22.8
42591190000	-156.43	 20.90	 22.04
42591285000	-155.07	 19.72	 22.08
43104220000	 -52.75	 68.70	-10.23
43104250000	 -51.75	 64.17	 -5.14
43104320000	 -18.67	 76.77	-24.06
43104360000	 -37.63	 65.60	 -7.21
43104390000	 -43.17	 60.05	 -2.87
50194120000	 130.87	-12.40	 28.25
50194203000	 122.22	-17.95	  29.6
50194212000	 127.65	-18.22	 30.34
50194287000	 145.75	-16.88	 27.25
50194294000	 146.75	-19.25	 27.05
50194300000	 113.67	-24.87	 26.32
50194312000	 119.57	-20.10	 30.43
50194326000	 133.88	-23.80	 28.16
50194367000	 149.22	-21.12	 25.95
50194403000	 114.70	-28.78	 24.82
50194430000	 118.53	-26.60	 29.39
50194461000	 128.28	-25.03	 29.39
50194510000	 146.27	-26.40	 27.43
50194578000	 153.10	-27.40	 24.54
50194610000	 116.00	-31.90	 23.68
50194637000	 121.45	-30.78	 24.47
50194653000	 133.70	-32.12	 21.21
50194659000	 136.82	-31.13	  25.5
50194672000	 138.52	-34.93	 20.68
50194693000	 142.08	-34.22	 23.12
50194711000	 145.82	-31.48	 26.13
50194767000	 151.18	-33.95	 21.58
50194776000	 151.82	-32.78	 21.85
50194791000	 153.12	-30.32	 22.22
50194821000	 140.78	-37.73	 17.02
50194865000	 144.73	-37.85	 18.59
50194907000	 147.13	-38.10	 17.95
50194910000	 147.45	-35.15	  22.3
50194926000	 149.18	-35.30	  19.1
50194968000	 147.20	-41.53	 15.84
50194975000	 147.48	-42.83	 15.68
50194995000	 159.07	-31.53	 21.65
50194998000	 158.95	-54.48	   6.2
50548601000	 100.27	  5.30	 27.02
50548615000	 102.28	  6.17	 25.73
50548647000	 101.55	  3.12	 26.67
50548657000	 103.22	  3.62	 24.89
50548665000	 102.25	  2.27	 26.04
50596413000	 110.33	  1.48	 25.64
50596441000	 113.03	  3.20	 25.83
50596449000	 113.98	  4.33	 26.29
50596471000	 116.05	  5.93	 25.87
50596491000	 118.07	  5.90	 26.26
50793780000	 172.52	-43.48	 16.27
50793844000	 168.55	-46.70	 13.08
50998223000	 120.53	 18.18	 24.65
52694299000	 149.98	-16.30	  28.0
52791334000	 151.85	  7.47	  27.2
52791348000	 158.22	  6.97	 27.07
52891925000	-139.03	 -9.80	 26.41
52891930000	-151.75	-16.45	 26.67
52891938000	-149.62	-17.55	 26.47
52891943000	-145.03	-14.48	 27.24
52891958000	-144.33	-27.62	 22.51
53191366000	 167.73	  8.73	 27.26
53191376000	 171.38	  7.08	 27.22
53494996000	 167.93	-29.03	  21.3
53691408000	 134.48	  7.33	 27.03
60311120000	  11.35	 47.27	 -2.64
60311240000	  15.43	 47.00	 -2.82
60311320000	  11.40	 47.30	 -1.79
61111406000	  12.40	 50.08	 -2.53
61111518000	  14.25	 50.10	 -2.14
61111723000	  16.70	 49.15	 -2.29
61111782000	  18.12	 49.68	 -2.59
61206030000	   9.87	 57.10	  -0.8
61402836000	  26.65	 67.37	-14.83
61402869000	  29.18	 65.97	-13.77
61402875000	  25.37	 64.93	-10.95
61402897000	  27.68	 64.28	-12.25
61402929000	  29.63	 62.67	-11.54
61402963000	  23.50	 60.82	 -8.13
61402972000	  22.27	 60.52	 -6.72
61402974000	  25.00	 60.30	 -7.42
61710035000	   9.52	 54.47	  0.12
61710147000	  10.00	 53.63	  0.31
61710170000	  12.08	 54.18	  0.27
61710338000	   9.68	 52.47	  0.19
61710379000	  13.07	 52.38	 -0.97
61710410000	   6.97	 51.40	  1.61
61710438000	   9.45	 51.30	  0.55
61710499000	  14.95	 51.17	 -1.72
61710763000	  11.05	 49.50	 -0.93
61710961000	  10.98	 47.42	-11.58
61816622000	  22.97	 40.52	  5.96
61816641000	  19.92	 39.62	 10.07
61816648000	  22.42	 39.63	  6.03
61816714000	  23.72	 37.97	 10.25
61816716000	  23.73	 37.90	 11.47
62004018000	 -22.60	 63.97	  1.06
62004063000	 -18.08	 65.68	 -1.52
62004082000	 -15.20	 64.30	  0.31
62316045000	  13.10	 46.00	  3.55
62316090000	  10.87	 45.38	  1.41
62316110000	  13.75	 45.65	  5.11
62316320000	  17.95	 40.65	  9.84
62316459000	  14.92	 37.40	 10.38
62316560000	   9.07	 39.25	 10.21
63016597000	  14.48	 35.85	 12.77
63306260000	   5.18	 52.10	  1.81
63401025000	  19.00	 69.50	 -3.64
63401028000	  19.02	 74.52	 -9.01
63401098000	  31.10	 70.37	  -5.4
63401152000	  14.37	 67.27	 -2.41
63401241000	   9.60	 63.70	 -0.82
63401317000	   5.30	 60.40	  1.17
63401384000	  11.08	 60.20	  -8.2
63401415000	   5.63	 58.88	  0.27
63608515000	 -25.17	 36.97	 14.75
63822113000	  33.05	 68.97	-11.39
63827612000	  37.62	 55.83	 -9.36
64308001000	  -8.42	 43.37	 10.14
64308141000	  -4.77	 41.65	  4.08
64308306000	   2.73	 39.55	  11.1
64308314000	   4.30	 39.90	 11.06
64308359000	  -0.50	 38.37	 11.87
64308449000	  -6.35	 36.65	 11.77
64502080000	  22.50	 68.45	-14.99
64502196000	  24.15	 65.83	-12.22
64502226000	  14.50	 63.18	 -8.52
64502418000	  13.47	 59.37	 -5.19
64502512000	  11.88	 57.78	 -1.31
64502550000	  14.08	 57.77	 -3.41
64502590000	  18.35	 57.67	 -1.19
64606660000	   8.57	 47.38	 -0.42
64606680000	   9.35	 47.25	 -8.86
64606700000	   6.13	 46.25	  0.49
64606770000	   8.97	 46.00	   2.8
64917022000	  31.80	 41.45	  7.32
64917030000	  36.33	 41.28	   8.4
64917034000	  38.40	 40.92	  8.68
64917050000	  26.57	 41.67	  3.62
64917062000	  29.08	 40.97	  6.49
64917074000	  33.77	 41.37	  0.66
64917084000	  34.97	 40.55	  1.71
64917090000	  37.02	 39.75	  -1.1
64917092000	  39.50	 39.73	 -1.22
64917098000	  43.08	 40.60	 -8.45
64917112000	  26.40	 40.13	  7.23
64917116000	  29.07	 40.18	  6.33
64917130000	  32.90	 40.00	  2.04
64917188000	  29.42	 38.67	  3.59
64917190000	  30.53	 38.75	  1.82
64917210000	  42.00	 37.93	   4.2
64917240000	  30.55	 37.75	  3.35
64917250000	  34.68	 37.97	  1.74
64917255000	  36.93	 37.60	  6.49
64917270000	  38.77	 37.13	  6.65
64917280000	  40.18	 37.88	  4.44
64917292000	  28.35	 37.20	  6.43
64917300000	  30.73	 36.70	 11.37
65103005000	  -1.18	 60.13	  3.11
65103026000	  -6.32	 58.22	  4.26
65103091000	  -2.22	 57.20	  2.58
65103100000	  -6.88	 56.50	  5.04
65103160000	  -3.35	 55.95	  3.13
65103162000	  -3.20	 55.32	  1.66
65103302000	  -4.53	 53.25	   5.2
65103334000	  -2.27	 53.35	  3.53
65103377000	  -0.52	 53.17	  2.91
65103715000	  -3.40	 51.40	  3.95
65103776000	  -0.18	 51.15	  3.28
65103862000	  -1.83	 50.78	  4.05
65103917000	  -6.22	 54.65	  3.65
65408522000	 -16.90	 32.63	 16.11
70089564000	  62.87	-67.60	 -1.48
