recid	lon	lat	avgt
10365306000	   2.93	 11.13	 26.25
10365319000	   1.38	 10.32	 26.77
10365335000	   2.47	  8.03	 28.02
10365338000	   2.07	  7.17	 27.87
13361036000	   1.45	 14.20	 25.66
13361090000	   8.98	 13.78	 22.81
13361096000	  11.98	 13.23	 22.61
13761679000	 -16.07	 14.13	 26.85
13761695000	 -16.27	 12.55	 24.91
14168174000	  29.45	-23.87	 21.74
14168262000	  28.18	-25.73	 22.38
14168368000	  28.23	-26.13	 19.15
14168438000	  24.77	-28.80	 24.03
14168442000	  26.30	-29.10	 21.71
14168588000	  30.95	-29.97	 23.68
14168842000	  25.60	-33.98	 20.49
14168858000	  27.83	-33.03	 21.32
14168906000	  -9.88	-40.35	 14.03
20550745000	 123.92	 47.38	-14.33
20551777000	  88.17	 39.03	 -4.53
20552836000	  98.10	 36.30	 -8.26
20553068000	 111.53	 44.22	-14.27
20554292000	 129.47	 42.88	-10.08
20554342000	 123.43	 41.77	 -8.33
20557036000	 108.93	 34.30	  1.66
20557083000	 113.65	 34.72	  2.37
20742314000	  95.02	 27.48	 17.41
20742410000	  91.58	 26.10	 18.42
20742647000	  72.63	 23.07	 21.62
20742671000	  78.75	 23.85	 18.99
20742754000	  75.80	 22.72	 19.59
20742867000	  79.05	 21.10	 21.42
20742933000	  77.07	 20.70	 22.28
20743041000	  82.03	 19.08	 20.91
20743057000	  72.82	 18.90	 25.31
20743128000	  78.50	 17.50	 22.81
20743185000	  81.15	 16.20	 24.97
20743314000	  75.78	 11.25	 27.55
20743369000	  73.15	  8.30	 27.83
21047401000	 141.68	 45.42	 -3.09
21047407000	 142.37	 43.77	 -5.24
21047409000	 144.28	 44.02	 -3.93
21047412000	 141.33	 43.05	 -1.91
21047418000	 144.40	 42.98	 -3.27
21047420000	 145.58	 43.33	 -2.12
21047421000	 140.23	 42.80	 -1.18
21047426000	 142.78	 42.17	  -1.2
21047430000	 140.75	 41.82	 -1.22
21047575000	 140.77	 40.82	  0.39
21047582000	 140.10	 39.72	  1.47
21047585000	 141.97	 39.65	   1.7
21047590000	 140.90	 38.27	  3.06
21047598000	 140.90	 36.95	  5.06
21047600000	 136.90	 37.38	  4.21
21047605000	 136.63	 36.58	  4.86
21047618000	 137.97	 36.25	  0.65
21047624000	 139.10	 36.40	  4.64
21047636000	 136.97	 35.17	  5.48
21047648000	 140.87	 35.73	  7.49
21047655000	 138.22	 34.60	  7.67
21047662000	 139.77	 35.68	  7.22
21047678000	 139.78	 33.10	 11.27
21047696001	 139.67	 35.28	  8.49
21047755000	 132.07	 34.90	  6.89
21047764001	 132.23	 34.15	  6.62
21047772000	 135.52	 34.68	  6.99
21047778000	 135.77	 33.45	  8.89
21047800000	 129.30	 34.20	  6.85
21047807000	 130.38	 33.58	  7.67
21047815000	 131.62	 33.23	  7.07
21047817000	 129.87	 32.73	  8.09
21047827000	 130.55	 31.55	  9.34
21047830000	 131.42	 31.92	  8.62
21047837000	 131.00	 30.73	 12.79
21047843000	 128.83	 32.70	  8.31
21047891000	 134.05	 34.32	  6.48
21047898000	 133.02	 32.72	  9.81
21047909000	 129.50	 28.38	 15.27
21047918000	 124.17	 24.33	 19.17
21047927000	 125.28	 24.78	  18.6
21047936000	 127.68	 26.20	  17.5
21047945000	 131.23	 25.83	 18.25
21047991000	 153.97	 24.30	 22.22
21941598000	  73.72	 32.93	 13.88
21941624000	  70.92	 31.82	 14.05
21941640000	  74.33	 31.55	 14.75
21941660000	  66.90	 30.30	  5.93
21941675000	  71.43	 30.20	 14.55
21941715000	  68.47	 28.30	  16.8
21941739000	  64.10	 26.97	 12.55
21941780000	  67.13	 24.90	 20.13
22147115000	 130.90	 37.48	  2.74
22147138000	 129.38	 36.03	  3.48
22147159000	 129.03	 35.10	  4.92
22147165000	 126.38	 34.78	  3.33
22147184000	 126.53	 33.52	  6.91
22223330000	  66.67	 66.53	-21.41
22223933000	  69.03	 61.02	-17.69
22224125000	 112.43	 68.50	-33.45
22224266000	 133.38	 67.55	-42.75
22224641000	 121.62	 63.77	-33.16
22224959000	 129.72	 62.02	-36.11
22225400000	 150.90	 65.73	-34.11
22225954000	 166.00	 60.35	-12.84
22228275000	  68.25	 58.15	 -16.5
22228440000	  60.60	 56.80	-11.91
22228698000	  73.38	 55.02	-15.63
22229263000	  92.15	 58.45	-17.53
22229282000	  97.45	 58.38	-19.66
22229838000	  83.52	 53.43	 -13.8
22229866000	  91.70	 53.70	 -15.2
22231004000	 125.37	 58.62	-24.33
22231168000	 138.15	 56.45	-15.83
22231369000	 140.70	 53.15	-19.25
22231735000	 135.23	 48.53	-17.09
22340394000	  41.68	 27.43	 11.63
22340416000	  50.15	 26.27	 16.75
22340438000	  46.73	 24.72	 15.73
22938507000	  52.98	 40.03	  3.57
22938687000	  63.60	 39.08	  2.97
22938880000	  58.33	 37.97	  4.48
30187047000	 -65.48	-24.85	 21.31
30187078000	 -60.58	-24.70	 27.44
30187155000	 -59.05	-27.45	 26.11
30187270000	 -59.70	-29.18	 25.45
30187349000	 -63.88	-31.67	 23.05
30187395000	 -58.02	-31.30	 24.71
30187509000	 -68.40	-34.58	 22.57
30187534000	 -63.37	-34.13	 22.68
30187548000	 -60.92	-34.55	 22.16
30187860000	 -67.50	-45.78	 18.34
30485406000	 -70.33	-18.33	 21.65
30485442000	 -70.43	-23.43	 19.55
30485469000	-109.42	-27.15	 22.82
30485574000	 -70.78	-33.38	 19.71
30485682000	 -73.05	-36.77	 16.29
30485743000	 -72.63	-38.75	 15.31
30485782000	 -73.05	-40.60	 14.67
30485799000	 -73.08	-41.42	  13.5
30485934000	 -70.85	-53.00	 10.09
42570026000	-156.78	 71.30	-24.27
42570133000	-162.63	 66.87	-17.92
42570174000	-151.52	 66.92	-21.64
42570200000	-165.43	 64.50	-13.45
42570219000	-161.80	 60.78	-12.63
42570231000	-155.62	 62.97	-19.28
42570251000	-150.10	 62.30	 -9.67
42570261000	-147.87	 64.82	-20.67
42570273000	-150.02	 61.17	 -7.86
42570275000	-146.35	 61.13	 -4.03
42570291001	-141.94	 62.97	-24.56
42570296000	-145.50	 60.50	 -3.01
42570308000	-170.22	 57.15	  -3.0
42570316000	-162.72	 55.20	 -1.17
42570326000	-156.65	 58.68	 -7.93
42570350000	-152.50	 57.75	  -0.6
42570361000	-139.67	 59.52	 -2.81
42570381001	-134.41	 58.30	 -2.42
42570398000	-131.57	 55.03	  2.78
42572201000	 -81.75	 24.55	 21.76
42572201001	 -81.68	 24.58	 21.83
42572202000	 -80.28	 25.82	 20.96
42572203000	 -80.10	 26.68	 19.68
42572203001	 -80.63	 26.65	 18.41
42572205000	 -81.32	 28.43	 16.76
42572205002	 -81.05	 29.18	 15.43
42572206000	 -81.70	 30.40	 12.91
42572206002	 -81.88	 30.22	 13.21
42572206003	 -81.67	 30.23	 14.47
42572206005	 -81.42	 30.40	  14.0
42572206006	 -81.47	 30.65	 12.64
42572206007	 -81.38	 31.15	 11.73
42572207000	 -81.20	 32.13	 11.14
42572207002	 -80.77	 32.38	 11.05
42572207003	 -80.72	 32.48	 10.76
42572208001	 -79.93	 32.78	  11.0
42572208002	 -80.18	 32.98	  9.01
42572211000	 -82.53	 27.97	 16.88
42572211001	 -82.75	 28.15	 17.33
42572211003	 -82.32	 28.73	 14.45
42572212001	 -82.08	 29.20	 15.38
42572212002	 -82.27	 29.68	 13.56
42572212003	 -82.60	 30.18	 12.99
42572214000	 -84.37	 30.38	 12.01
42572214001	 -84.65	 30.80	 11.38
42572215001	 -84.78	 33.43	  7.65
42572216002	 -83.53	 31.50	 10.06
42572217000	 -83.65	 32.70	  8.98
42572217002	 -83.47	 32.27	  8.86
42572217004	 -83.25	 33.08	  8.08
42572218000	 -81.97	 33.37	  8.61
42572218002	 -81.32	 33.37	   9.3
42572218003	 -82.65	 33.42	  7.34
42572219000	 -84.42	 33.65	  7.89
42572219001	 -83.87	 33.60	  6.65
42572220001	 -85.03	 29.73	 12.82
42572223000	 -88.25	 30.68	 11.27
42572223001	 -88.48	 30.40	 10.59
42572223003	 -87.88	 30.55	 11.27
42572225002	 -84.95	 32.52	  9.58
42572225004	 -85.18	 32.87	  7.74
42572226000	 -86.40	 32.30	  9.43
42572226001	 -85.95	 31.78	  9.18
42572226002	 -86.32	 31.95	   9.0
42572226006	 -87.00	 32.42	  9.34
42572227002	 -84.02	 34.55	  4.48
42572228000	 -86.75	 33.57	  7.64
42572229001	 -87.58	 32.70	  9.67
42572229002	 -87.62	 33.23	  8.68
42572231002	 -90.73	 29.58	 12.74
42572231003	 -90.78	 29.77	 12.79
42572231004	 -91.55	 29.82	 12.31
42572231005	 -90.02	 29.82	 12.47
42572231006	 -90.13	 29.92	 13.41
42572231008	 -91.03	 30.07	 11.85
42572231009	 -91.13	 30.53	 11.55
42572233001	 -89.38	 30.30	 10.69
42572233002	 -90.12	 30.53	 11.61
42572233003	 -90.53	 30.70	 10.67
42572233004	 -89.55	 30.85	 10.72
42572233006	 -89.83	 31.25	 10.05
42572233007	 -89.30	 31.32	 10.17
42572234000	 -88.75	 32.33	  9.17
42572234001	 -89.12	 31.68	  9.33
42572234003	 -87.73	 31.92	   8.9
42572234004	 -88.57	 32.55	  8.81
42572234005	 -88.13	 32.83	  7.79
42572234006	 -89.07	 33.13	  7.33
42572235000	 -90.08	 32.32	  8.86
42572235001	 -90.45	 31.55	   9.0
42572235002	 -90.10	 31.55	  9.19
42572235003	 -91.23	 31.95	  9.78
42572235005	 -90.37	 31.97	  9.29
42572235011	 -91.02	 33.38	  7.14
42572235012	 -90.52	 33.45	  7.81
42572240000	 -93.22	 30.12	 12.28
42572240001	 -92.67	 30.20	 11.16
42572241001	 -94.02	 29.95	 12.75
42572242000	 -94.80	 29.30	  14.0
42572243000	 -95.35	 29.97	 12.81
42572243002	 -95.28	 29.65	 13.44
42572243005	 -94.80	 30.05	 12.58
42572243006	 -96.40	 30.17	 12.38
42572247001	 -94.35	 32.53	  8.47
42572248000	 -93.78	 32.47	  9.54
42572249001	 -97.82	 32.77	  7.65
42572250000	 -97.42	 25.92	 17.26
42572250003	 -98.87	 26.38	 15.95
42572251000	 -97.50	 27.77	 15.18
42572251001	 -98.13	 27.23	 14.91
42572251002	 -97.82	 27.50	  15.6
42572251004	 -97.28	 27.68	 15.64
42572251005	 -98.07	 27.73	 14.85
42572251007	 -97.70	 28.45	 13.73
42572253000	 -98.47	 29.53	 12.21
42572253001	 -99.42	 28.03	 14.29
42572253008	 -98.72	 29.80	 10.07
42572253009	 -98.42	 30.10	  9.58
42572254000	 -97.70	 30.30	 11.95
42572254004	 -98.68	 30.75	  9.61
42572255000	 -96.92	 28.85	 13.56
42572255002	 -96.23	 29.05	 12.73
42572255003	 -96.95	 29.47	 12.85
42572256000	 -97.22	 31.62	  9.53
42572256002	 -96.48	 31.68	  9.54
42572257003	 -98.18	 31.05	  8.13
42572257005	 -97.32	 31.08	 10.14
42572259000	 -97.03	 32.90	  8.83
42572259003	 -96.12	 33.15	  7.41
42572259004	 -97.07	 33.63	  6.79
42572260001	 -99.00	 31.72	  8.99
42572260002	 -98.33	 32.10	  7.74
42572262002	-104.23	 32.42	  7.79
42572263000	-100.50	 31.37	   9.0
42572263002	 -99.98	 31.73	  9.58
42572264003	-103.50	 31.42	  8.56
42572265000	-102.18	 31.95	   7.9
42572265001	-102.20	 31.13	  9.74
42572265002	-103.20	 31.78	  8.01
42572265004	-102.67	 32.72	  6.24
42572266000	 -99.68	 32.42	  8.02
42572266003	 -99.75	 33.17	   7.3
42572267000	-101.82	 33.65	   5.7
42572267002	-101.25	 33.65	  5.23
42572268000	-104.53	 33.30	  6.39
42572269001	-106.75	 32.28	  7.89
42572270000	-106.40	 31.80	  9.03
42572271001	-108.15	 32.80	  5.18
42572271002	-107.18	 33.15	  6.24
42572273002	-109.60	 31.47	  8.89
42572273004	-110.05	 31.70	  9.95
42572274000	-110.93	 32.12	 12.39
42572274003	-109.68	 32.82	   8.4
42572278000	-112.02	 33.43	 14.11
42572278004	-110.88	 33.40	  8.99
42572278008	-111.15	 33.67	 10.75
42572278009	-112.73	 33.98	  10.7
42572280001	-114.65	 32.62	 13.69
42572280003	-114.72	 33.62	 13.73
42572281003	-115.55	 32.95	 13.85
42572289001	-118.15	 34.15	  13.7
42572290000	-117.17	 32.73	 14.36
42572290002	-117.10	 32.60	 14.42
42572290003	-117.20	 32.70	 14.01
42572293001	-116.58	 32.98	  5.24
42572295000	-118.27	 33.72	  15.0
42572297002	-117.88	 33.60	 13.67
42572297003	-117.73	 33.67	 14.35
42572297006	-117.78	 33.73	 13.73
42572304000	 -75.55	 35.27	  8.81
42572306000	 -78.78	 35.87	  5.63
42572306001	 -78.35	 35.52	  5.49
42572306002	 -77.95	 35.70	  5.75
42572306003	 -77.53	 35.88	  5.46
42572306005	 -78.32	 36.10	  4.57
42572308000	 -76.20	 36.90	  5.89
42572308002	 -76.20	 36.32	  6.55
42572308004	 -76.28	 36.95	  6.19
42572309001	 -76.88	 34.90	  8.13
42572309003	 -77.53	 35.22	   6.2
42572310001	 -81.77	 33.98	  6.55
42572310002	 -81.02	 33.98	  9.67
42572310003	 -81.42	 34.20	  7.32
42572310005	 -81.08	 34.37	  6.75
42572311000	 -83.32	 33.95	  7.18
42572311001	 -82.72	 33.72	  6.97
42572311002	 -82.58	 34.08	  6.73
42572311003	 -83.85	 34.30	  6.88
42572311004	 -83.32	 34.58	  6.73
42572312000	 -82.22	 34.90	  6.04
42572312001	 -82.20	 34.17	  5.95
42572312003	 -82.03	 34.50	  5.46
42572312004	 -82.67	 34.53	  6.53
42572312005	 -81.52	 34.63	  6.99
42572312006	 -82.82	 34.68	  6.42
42572312007	 -83.08	 34.75	  6.51
42572314000	 -80.93	 35.22	  6.42
42572314001	 -81.03	 34.93	  6.79
42572314002	 -80.50	 34.97	  6.13
42572314005	 -80.88	 35.82	  4.89
42572314006	 -81.53	 35.92	  4.03
42572315000	 -82.55	 35.43	  3.68
42572315001	 -83.18	 35.05	  1.01
42572315002	 -82.45	 35.33	  4.18
42572315003	 -82.97	 35.48	  3.57
42572315005	 -81.68	 35.75	  4.84
42572315008	 -82.40	 36.48	  3.29
42572317000	 -79.95	 36.08	  4.22
42572317001	 -80.48	 35.68	  5.45
42572317003	 -79.70	 36.38	  3.91
42572317004	 -80.62	 36.52	  2.84
42572317005	 -79.38	 36.58	  3.91
42572320003	 -85.62	 34.57	  4.29
42572323001	 -86.77	 34.65	  5.85
42572323004	 -87.77	 35.30	  3.92
42572324000	 -85.20	 35.03	  5.92
42572324002	 -85.80	 35.68	  5.25
42572326000	 -83.98	 35.80	  4.68
42572326002	 -83.20	 35.98	  4.04
42572326003	 -85.13	 36.02	  2.04
42572326005	 -82.98	 36.42	  4.45
42572326007	 -84.17	 36.73	  1.89
42572327000	 -86.68	 36.12	  4.69
42572327001	 -86.80	 35.45	  3.84
42572327002	 -86.37	 35.92	  3.77
42572327004	 -87.38	 36.07	  3.85
42572330003	 -90.97	 36.27	  4.05
42572330005	 -90.82	 36.58	  2.25
42572334000	 -90.00	 35.05	  6.35
42572334003	 -89.43	 34.82	  5.03
42572334004	 -90.00	 34.83	  6.28
42572334006	 -89.67	 35.57	  4.93
42572334008	 -88.83	 35.62	   4.8
42572340000	 -92.25	 34.83	  6.37
42572340001	 -91.27	 33.80	  6.65
42572340004	 -91.18	 34.88	  5.15
42572340006	 -92.47	 35.08	  6.61
42572340007	 -91.28	 35.60	  4.57
42572341001	 -95.52	 34.00	  7.57
42572341002	 -95.63	 34.25	  6.58
42572341003	 -94.27	 34.57	  4.86
42572344000	 -94.37	 35.33	  5.33
42572344001	 -94.62	 35.05	   5.2
42572344003	 -94.17	 36.10	  3.29
42572344004	 -94.45	 36.43	  3.93
42572349001	 -93.65	 35.30	  5.45
42572351000	 -98.48	 33.97	  6.57
42572351001	 -98.00	 34.17	  7.15
42572352001	 -99.68	 34.25	  5.35
42572352003	 -99.33	 34.58	  5.99
42572352005	 -99.43	 34.83	  5.33
42572352007	 -99.80	 35.20	  4.45
42572353000	 -97.60	 35.38	  4.47
42572353001	 -98.32	 35.63	  5.33
42572353002	 -97.90	 35.85	  4.02
42572354004	 -97.45	 35.88	  4.87
42572355001	 -98.45	 34.62	  5.02
42572355003	 -98.57	 35.12	  4.81
42572356000	 -95.88	 36.20	  4.32
42572356001	 -95.58	 36.32	  3.11
42572356002	 -96.35	 36.67	   3.6
42572356003	 -96.00	 36.75	  3.64
42572360002	-104.58	 36.37	  0.85
42572363000	-101.72	 35.22	  3.37
42572363001	-102.25	 35.53	  3.46
42572363002	-100.63	 35.70	  2.28
42572365000	-106.62	 35.05	  4.43
42572365002	-106.75	 34.77	  3.23
42572365007	-106.68	 35.77	  2.09
42572370001	-114.22	 34.22	 13.68
42572370002	-114.62	 34.77	 13.43
42572371002	-112.53	 37.05	  3.37
42572371003	-112.98	 37.22	  6.01
42572371006	-111.60	 37.77	  0.79
42572374000	-110.73	 35.02	  3.14
42572374003	-109.38	 34.52	  2.81
42572374004	-110.17	 34.90	  4.21
42572376002	-112.43	 34.57	  4.18
42572376003	-112.43	 34.65	  4.62
42572376004	-111.70	 35.10	 -0.23
42572376005	-112.18	 35.25	  1.95
42572376006	-111.73	 35.27	 -1.58
42572376007	-112.88	 35.32	  3.97
42572383001	-118.43	 34.70	  8.03
42572383003	-118.75	 35.03	  8.91
42572384000	-119.05	 35.43	 10.29
42572384001	-119.33	 35.60	  9.69
42572386000	-115.17	 36.08	  9.63
42572386001	-114.92	 35.47	  8.49
42572386002	-114.85	 35.98	 10.14
42572389000	-119.72	 36.77	   9.6
42572389001	-119.03	 36.38	 10.03
42572390001	-120.68	 35.63	  9.53
42572390002	-120.63	 35.67	  9.75
42572391003	-119.68	 34.42	 13.48
42572391004	-119.23	 34.45	 11.93
42572394000	-120.45	 34.90	 11.61
42572394002	-120.67	 35.30	 12.34
42572401000	 -77.33	 37.50	  4.09
42572401001	 -77.30	 37.30	  5.78
42572403001	 -78.12	 38.22	  2.06
42572403002	 -78.47	 38.90	  1.11
42572404004	 -76.18	 38.72	  3.26
42572405000	 -77.03	 38.85	  3.25
42572405002	 -77.30	 38.50	  2.55
42572406000	 -76.67	 39.18	  2.03
42572406003	 -76.90	 39.10	  1.97
42572406005	 -76.07	 39.22	  1.67
42572406006	 -76.62	 39.28	  3.47
42572406007	 -76.87	 39.33	  1.33
42572407000	 -74.57	 39.45	  1.39
42572407002	 -75.07	 39.37	  1.71
42572407003	 -74.43	 39.38	  2.83
42572408000	 -75.20	 40.00	  1.82
42572408001	 -75.52	 39.15	  2.81
42572408003	 -75.60	 39.67	  1.19
42572408004	 -75.53	 39.77	  1.07
42572408005	 -74.78	 39.80	  1.43
42572408008	 -74.97	 39.97	  1.86
42572409005	 -74.57	 40.27	   0.3
42572410001	 -78.38	 37.33	  3.01
42572410002	 -79.43	 37.78	  2.31
42572410003	 -78.52	 38.03	   2.9
42572411000	 -79.97	 37.32	  3.11
42572411001	 -79.90	 37.00	  3.07
42572412000	 -81.12	 37.78	  0.84
42572412001	 -81.33	 37.08	 -0.74
42572412002	 -81.22	 37.30	   1.8
42572412004	 -80.40	 37.85	 -0.25
42572414000	 -81.60	 38.37	  2.45
42572414001	 -81.92	 38.53	  1.87
42572414006	 -81.85	 39.65	 -0.57
42572417001	 -78.93	 38.45	  0.43
42572417005	 -80.22	 38.98	  -0.3
42572417006	 -79.67	 39.10	 -0.93
42572417007	 -79.40	 39.40	 -1.55
42572417009	 -78.75	 39.63	  0.51
42572421000	 -84.67	 39.05	  0.16
42572421001	 -84.62	 38.65	  1.65
42572422000	 -84.60	 38.03	  1.66
42572422002	 -84.30	 37.57	  3.19
42572422003	 -84.87	 38.23	  1.15
42572423000	 -85.73	 38.18	  2.46
42572423003	 -86.48	 38.55	 -0.17
42572423004	 -86.08	 38.62	  0.93
42572424001	 -85.50	 37.25	  2.64
42572424002	 -86.30	 37.52	  2.05
42572425000	 -82.55	 38.37	   2.2
42572425003	 -83.55	 38.12	  1.67
42572425004	 -82.62	 38.45	  0.23
42572425005	 -82.88	 38.75	  0.86
42572426001	 -82.98	 39.12	 -0.58
42572426002	 -83.62	 39.20	 -1.09
42572426004	 -82.95	 39.62	 -0.75
42572428000	 -82.88	 40.00	 -0.53
42572428003	 -83.78	 40.10	 -1.79
42572428006	 -83.60	 40.65	 -2.79
42572429000	 -84.20	 39.90	 -1.34
42572429001	 -85.18	 39.87	 -2.86
42572429002	 -84.65	 40.10	 -2.69
42572432000	 -87.53	 38.05	   1.8
42572432002	 -87.88	 37.95	  1.07
42572432003	 -88.50	 38.10	  0.45
42572432004	 -88.87	 38.35	 -0.15
42572432005	 -87.58	 38.35	  1.03
42572432007	 -86.80	 38.67	 -0.27
42572432008	 -88.07	 38.70	  0.55
42572432009	 -87.50	 38.73	 -0.59
42572432010	 -87.62	 39.00	  0.73
42572434000	 -90.37	 38.75	  1.04
42572435000	 -88.77	 37.07	  2.92
42572435001	 -89.05	 36.40	  3.17
42572435003	 -89.23	 37.47	  2.21
42572435004	 -88.52	 37.73	  1.35
42572438000	 -86.27	 39.73	  -1.0
42572438001	 -86.55	 38.88	 -0.77
42572438005	 -85.45	 39.60	 -1.89
42572438006	 -86.85	 39.63	 -1.69
42572438007	 -87.23	 39.77	 -0.69
42572438009	 -86.93	 39.97	 -2.81
42572438010	 -86.35	 40.00	 -1.48
42572438011	 -85.72	 40.10	  -1.9
42572439002	 -89.48	 39.15	 -0.63
42572439003	 -89.87	 39.28	 -0.69
42572439005	 -89.70	 39.80	 -1.63
42572440000	 -93.38	 37.23	  1.85
42572440001	 -93.15	 36.27	  3.77
42572440003	 -94.37	 36.87	  2.07
42572440004	 -94.50	 37.15	  3.11
42572440005	 -93.95	 37.38	  1.39
42572440006	 -94.27	 37.50	  1.47
42572440007	 -94.03	 38.20	 -0.18
42572445000	 -92.22	 38.82	 -0.32
42572445002	 -92.18	 38.58	 -0.09
42572445004	 -92.43	 39.40	 -0.42
42572446005	 -94.33	 38.88	 -1.15
42572446007	 -94.93	 39.32	  0.02
42572449001	 -95.12	 39.57	 -0.44
42572449002	 -95.52	 39.67	 -0.96
42572449004	 -94.68	 40.25	 -3.27
42572450000	 -97.43	 37.65	  0.96
42572450002	 -96.83	 37.82	  1.51
42572451000	 -99.97	 37.77	  0.42
42572451001	-100.53	 36.82	  1.21
42572451005	-100.90	 38.48	 -1.19
42572451006	 -99.33	 38.87	 -1.23
42572452001	 -98.35	 36.77	  3.16
42572455002	 -96.58	 39.20	 -0.23
42572456000	 -95.62	 39.07	 -0.58
42572456001	 -95.28	 38.62	  0.98
42572456004	 -95.27	 38.97	  0.63
42572458000	 -97.65	 39.55	 -1.57
42572458001	 -97.70	 39.13	  0.13
42572460002	-101.62	 36.60	  2.13
42572460003	-102.48	 36.73	   2.8
42572460004	-101.22	 36.87	  1.56
42572460005	-100.92	 37.05	  1.62
42572462000	-105.87	 37.43	 -6.23
42572462001	-104.95	 36.47	  0.73
42572462003	-105.40	 36.70	 -4.15
42572462004	-106.58	 36.92	 -4.41
42572462007	-106.35	 37.67	 -3.81
42572464000	-104.50	 38.28	  -0.4
42572464001	-104.48	 37.17	  2.51
42572464002	-104.33	 37.25	  0.92
42572464003	-103.70	 38.03	  0.73
42572465000	-101.68	 39.37	 -1.34
42572465001	-102.35	 38.82	  0.13
42572465002	-101.80	 39.77	 -1.26
42572465003	-102.23	 40.07	 -1.39
42572466001	-104.72	 38.82	 -0.45
42572469000	-104.87	 39.78	  0.11
42572469001	-106.03	 39.63	 -7.42
42572469007	-105.27	 40.00	  1.05
42572470001	-110.72	 38.37	  0.63
42572470002	-110.17	 39.00	  0.96
42572470003	-111.63	 39.25	 -1.27
42572471002	-112.43	 37.82	 -2.31
42572471003	-112.83	 37.83	 -0.12
42572471007	-112.08	 38.77	  0.01
42572471008	-112.32	 38.95	  0.34
42572476000	-108.53	 39.12	  0.86
42572476001	-107.88	 38.48	 -0.69
42572476006	-108.75	 39.17	  -0.7
42572480004	-118.10	 38.38	  3.23
42572481001	-120.52	 37.28	   9.5
42572483001	-121.77	 38.53	  8.69
42572483003	-121.50	 38.60	  9.53
42572486000	-114.85	 39.28	 -3.04
42572486001	-114.77	 39.40	 -1.79
42572487001	-113.57	 37.12	  7.56
42572487002	-113.92	 37.80	  0.15
42572488000	-119.78	 39.50	  2.57
42572488001	-120.13	 39.17	 -0.54
42572488002	-118.72	 39.42	  2.49
42572488003	-118.78	 39.45	  2.14
42572491004	-122.02	 36.98	 11.24
42572492000	-121.25	 37.90	  9.43
42572494000	-122.38	 37.62	 11.07
42572501003	 -72.30	 40.95	  0.33
42572502002	 -74.40	 40.60	  0.44
42572502003	 -74.17	 40.70	   1.3
42572502005	 -74.43	 41.03	 -2.14
42572502006	 -74.68	 41.38	 -1.84
42572503001	 -73.97	 40.78	   1.5
42572503004	 -73.80	 41.27	 -1.94
42572503005	 -73.97	 41.38	 -1.18
42572504001	 -73.55	 41.13	 -0.37
42572504002	 -73.13	 41.17	  0.06
42572504006	 -74.15	 41.77	 -2.94
42572507002	 -72.05	 41.35	 -0.55
42572507003	 -71.53	 41.48	  -0.5
42572507005	 -70.93	 41.63	 -0.66
42572507006	 -71.43	 41.73	 -0.35
42572507007	 -71.07	 41.90	 -1.15
42572508000	 -72.68	 41.93	 -1.91
42572508003	 -73.37	 41.95	 -3.21
42572508004	 -73.40	 42.18	 -4.78
42572509000	 -71.03	 42.37	 -0.08
42572513000	 -75.73	 41.33	 -1.94
42572514000	 -76.92	 41.25	 -1.99
42572514003	 -77.87	 40.80	 -2.21
42572515000	 -75.98	 42.22	 -4.56
42572515002	 -75.87	 41.83	 -4.81
42572515003	 -76.80	 42.10	 -3.15
42572515006	 -75.53	 42.53	 -4.26
42572515007	 -76.18	 42.60	 -4.56
42572517000	 -75.43	 40.65	 -0.97
42572517001	 -75.93	 40.42	 -0.73
42572517002	 -74.88	 40.57	 -1.13
42572517004	 -75.08	 40.83	 -1.92
42572518000	 -73.80	 42.75	 -3.83
42572518002	 -73.68	 42.75	 -3.73
42572518003	 -73.82	 43.03	 -4.48
42572518004	 -74.35	 43.05	  -6.1
42572518005	 -73.62	 43.35	 -5.72
42572519000	 -76.12	 43.12	 -3.83
42572519002	 -76.50	 43.47	 -3.47
42572520000	 -80.22	 40.50	 -0.76
42572520001	 -79.72	 39.92	 -0.21
42572520002	 -81.00	 40.27	 -1.78
42572521000	 -81.43	 40.92	 -2.24
42572521001	 -81.92	 39.83	 -2.79
42572521003	 -81.87	 40.25	 -0.99
42572521004	 -81.92	 40.55	 -2.53
42572521005	 -80.90	 40.72	 -1.97
42572521006	 -81.92	 40.78	 -2.35
42572523002	 -77.78	 42.25	 -4.92
42572523003	 -78.02	 42.30	 -5.29
42572523004	 -77.35	 42.35	 -4.59
42572523005	 -77.72	 42.57	 -3.56
42572523007	 -77.62	 42.78	 -3.93
42572524000	 -81.87	 41.42	 -1.68
42572524003	 -82.62	 41.27	 -2.65
42572525000	 -80.67	 41.25	 -2.37
42572525001	 -80.37	 41.02	  -1.8
42572525002	 -80.82	 41.20	 -2.56
42572525005	 -79.82	 41.38	 -2.41
42572526000	 -80.18	 42.08	 -1.96
42572526001	 -78.75	 41.42	 -4.11
42572526002	 -79.15	 41.85	 -3.33
42572528000	 -78.73	 42.93	 -3.09
42572528002	 -79.30	 42.45	 -2.13
42572528003	 -78.52	 42.75	 -4.65
42572529001	 -77.03	 42.88	 -4.08
42572529002	 -78.18	 42.98	 -3.63
42572529003	 -77.67	 43.13	 -3.15
42572530000	 -87.90	 42.00	 -3.47
42572530001	 -88.35	 41.75	 -4.36
42572531001	 -88.17	 39.48	  -0.9
42572531002	 -87.70	 39.62	 -1.81
42572531003	 -88.23	 40.10	 -2.39
42572531004	 -87.65	 40.13	 -1.55
42572531006	 -87.67	 40.47	 -2.24
42572532000	 -89.68	 40.67	 -2.81
42572532001	 -89.05	 40.90	 -3.28
42572533000	 -85.20	 41.00	 -2.78
42572533001	 -85.67	 40.57	 -2.55
42572533002	 -84.95	 40.67	 -2.17
42572533003	 -85.50	 40.85	 -2.82
42572533004	 -84.98	 41.63	  -4.4
42572535000	 -86.32	 41.70	 -3.13
42572535001	 -86.22	 41.07	  -3.4
42572535002	 -85.83	 41.57	 -2.59
42572535003	 -86.72	 41.60	 -3.25
42572535005	 -86.28	 42.40	 -2.02
42572536000	 -83.80	 41.60	 -2.74
42572536001	 -82.97	 40.82	 -3.09
42572536002	 -83.28	 40.83	 -2.87
42572536003	 -83.67	 41.02	 -2.62
42572536004	 -83.67	 41.05	 -2.35
42572536005	 -83.17	 41.12	 -2.67
42572536007	 -84.15	 41.52	 -3.39
42572536009	 -84.63	 41.93	 -4.59
42572537000	 -83.00	 42.40	 -2.67
42572537004	 -83.72	 42.30	 -3.23
42572537006	 -83.02	 42.42	 -2.21
42572539002	 -84.47	 42.27	 -3.89
42572539003	 -84.60	 42.80	 -4.47
42572539004	 -84.67	 43.38	 -5.05
42572543001	 -89.52	 41.83	 -5.63
42572543002	 -89.10	 42.20	 -5.34
42572543003	 -88.60	 42.25	 -5.11
42572543004	 -89.38	 42.62	 -6.61
42572544000	 -90.50	 41.45	 -4.18
42572544001	 -90.97	 40.58	 -3.55
42572544003	 -90.63	 40.92	 -3.06
42572544004	 -91.55	 40.95	 -3.65
42572544006	 -90.73	 41.23	 -4.54
42572544008	 -89.60	 41.55	 -5.11
42572545001	 -91.95	 41.03	 -3.85
42572545002	 -92.45	 41.10	 -4.11
42572545003	 -91.68	 41.28	 -3.89
42572545005	 -92.27	 41.90	 -6.45
42572546000	 -93.65	 41.53	 -4.84
42572546001	 -92.78	 41.07	 -3.89
42572546002	 -93.55	 41.37	 -4.99
42572548002	 -93.25	 42.52	 -7.67
42572548003	 -92.40	 42.55	 -6.91
42572548004	 -91.80	 42.85	 -8.59
42572548005	 -92.67	 43.05	 -7.54
42572548006	 -92.32	 43.07	  -7.7
42572549001	 -94.62	 42.40	 -7.05
42572549002	 -94.20	 42.50	  -7.7
42572549003	 -94.30	 43.07	 -8.05
42572549004	 -93.33	 43.15	  -8.1
42572549005	 -93.63	 43.28	 -8.21
42572551001	 -96.15	 40.10	 -1.81
42572551002	 -96.22	 40.37	 -3.29
42572551003	 -96.95	 40.62	 -2.68
42572551004	 -96.18	 40.67	 -3.75
42572551005	 -97.10	 40.90	 -2.87
42572551007	 -97.12	 41.27	  -4.3
42572552002	 -98.52	 40.10	 -3.66
42572552003	 -99.37	 40.43	 -3.41
42572552004	 -98.95	 40.52	  -2.4
42572552005	 -98.38	 40.65	 -3.41
42572552006	 -97.60	 40.87	 -3.87
42572552007	 -98.47	 41.27	 -3.76
42572552008	 -98.97	 41.28	 -4.56
42572552009	 -98.77	 41.50	  -4.2
42572553001	 -95.78	 41.63	 -5.51
42572553002	 -96.22	 41.77	  -5.3
42572554002	 -95.03	 40.73	 -4.51
42572554003	 -96.15	 40.87	  -3.9
42572556000	 -97.43	 41.98	 -5.04
42572556001	 -97.77	 41.45	 -4.15
42572556002	 -97.98	 41.67	 -4.77
42572556003	 -97.45	 41.83	  -5.5
42572557000	 -96.38	 42.40	 -6.17
42572557001	 -96.87	 42.27	 -5.51
42572557002	 -96.92	 42.75	 -5.98
42572557003	 -96.17	 42.78	 -7.73
42572558001	 -96.35	 41.05	 -4.26
42572561003	-102.63	 41.15	 -1.34
42572561004	-103.67	 41.25	 -2.11
42572562000	-100.68	 41.13	 -3.38
42572562001	-100.50	 40.67	 -3.41
42572562002	-100.17	 40.93	 -3.21
42572564000	-104.82	 41.15	 -1.92
42572564001	-104.15	 41.17	 -2.88
42572564002	-105.68	 41.32	 -5.01
42572564003	-104.82	 41.75	 -2.27
42572566001	-103.10	 41.67	  -1.8
42572566002	-103.60	 41.87	 -2.83
42572566003	-104.22	 42.08	 -2.98
42572566005	-103.88	 42.68	 -4.99
42572566006	-104.48	 42.75	 -4.53
42572567000	-100.55	 42.87	 -4.88
42572567001	-100.25	 42.07	 -4.33
42572567002	-100.48	 43.50	 -5.32
42572569000	-106.47	 42.92	  -3.5
42572572000	-111.97	 40.78	  0.79
42572572001	-111.60	 40.08	  0.39
42572572003	-111.42	 40.50	 -2.75
42572572004	-112.30	 40.53	  0.08
42572572005	-111.50	 40.55	 -3.22
42572572006	-111.65	 41.03	 -1.83
42572572010	-110.95	 41.27	 -5.61
42572572011	-111.15	 41.53	 -8.21
42572572012	-112.12	 41.55	 -0.79
42572572013	-111.80	 41.75	 -1.79
42572572014	-111.32	 41.82	 -4.29
42572576000	-108.73	 42.82	  -5.1
42572578000	-112.60	 42.92	  -2.2
42572578001	-112.28	 42.17	 -2.58
42572578002	-113.88	 42.23	 -0.39
42572578003	-113.77	 42.53	 -0.19
42572578004	-111.73	 42.58	 -3.77
42572578005	-112.83	 42.95	 -3.64
42572581000	-114.03	 40.73	 -1.41
42572582002	-115.78	 40.83	 -2.71
42572582003	-114.97	 41.12	 -2.89
42572583000	-117.80	 40.90	  0.23
42572583004	-116.88	 40.62	  0.11
42572583005	-117.48	 40.95	  0.43
42572583006	-120.17	 41.53	  0.01
42572591001	-123.20	 39.15	  8.85
42572591003	-121.82	 39.70	  8.57
42572591004	-122.20	 39.75	  9.11
42572592001	-122.30	 40.50	  8.56
42572592003	-122.32	 41.32	  2.49
42572594000	-124.17	 40.80	  9.75
42572594001	-123.78	 39.50	   9.2
42572594002	-123.53	 41.30	  7.81
42572597000	-122.87	 42.37	  5.43
42572597001	-122.63	 41.72	  2.73
42572597003	-124.25	 42.03	  9.81
42572597006	-121.78	 42.20	  0.94
42572597007	-122.72	 42.22	  5.21
42572597008	-123.35	 42.43	  5.41
42572597011	-122.52	 42.73	  4.46
42572597012	-122.13	 42.90	 -3.01
42572597013	-123.35	 42.95	  6.77
42572605000	 -71.50	 43.20	 -4.82
42572605002	 -70.95	 43.15	 -3.37
42572606000	 -70.32	 43.65	 -4.08
42572608001	 -68.27	 44.35	 -4.51
42572612001	 -72.82	 44.92	 -7.03
42572612002	 -71.28	 45.08	-11.17
42572613001	 -71.30	 44.30	-13.75
42572614001	 -72.45	 43.98	 -8.23
42572614003	 -72.02	 44.42	 -6.43
42572617000	 -73.15	 44.47	 -5.98
42572617004	 -73.98	 44.25	 -7.65
42572617006	 -73.72	 44.72	 -7.29
42572617008	 -73.43	 44.88	 -7.07
42572618001	 -70.15	 44.68	 -8.37
42572619003	 -68.67	 44.90	 -5.67
42572619005	 -68.70	 45.65	 -9.11
42572632001	 -82.83	 42.62	 -2.85
42572635000	 -85.52	 42.88	 -4.06
42572636000	 -86.23	 43.17	 -3.63
42572636003	 -86.35	 43.68	 -4.91
42572636004	 -85.48	 43.70	 -5.42
42572637000	 -83.75	 42.97	 -4.56
42572637002	 -84.08	 43.53	 -4.65
42572637003	 -84.22	 43.62	 -4.04
42572638002	 -85.58	 44.73	 -5.02
42572639000	 -83.57	 45.07	 -6.57
42572639001	 -83.50	 44.28	 -5.23
42572640000	 -87.90	 42.95	 -3.83
42572640001	 -87.77	 42.70	 -4.47
42572640002	 -88.03	 43.07	 -4.01
42572641000	 -89.33	 43.13	 -6.19
42572641001	 -88.73	 43.18	 -6.56
42572641002	 -89.43	 43.52	 -6.98
42572641003	 -89.53	 44.12	 -7.56
42572643001	 -90.92	 43.57	 -8.54
42572643002	 -91.30	 43.90	 -6.95
42572643004	 -90.13	 44.65	 -7.66
42572643005	 -91.50	 44.90	 -8.84
42572644000	 -92.50	 43.92	 -9.07
42572644001	 -93.42	 43.62	 -9.33
42572644002	 -92.57	 43.70	 -9.64
42572644003	 -92.67	 44.30	 -8.29
42572645000	 -88.13	 44.48	 -6.92
42572645001	 -88.45	 43.80	 -6.74
42572645002	 -88.55	 44.03	 -7.09
42572645003	 -87.68	 44.10	 -5.69
42572645006	 -89.60	 44.90	 -8.35
42572648002	 -88.08	 45.78	 -8.97
42572650001	 -95.18	 42.63	 -8.21
42572650002	 -94.83	 43.42	 -8.95
42572650003	 -94.47	 43.63	 -8.67
42572650004	 -94.17	 43.77	 -9.39
42572651000	 -96.73	 43.58	 -8.39
42572651001	 -97.58	 43.23	 -7.37
42572651002	 -96.67	 43.30	 -8.13
42572651004	 -97.78	 43.65	 -7.43
42572651005	 -96.32	 44.02	-10.37
42572653002	-100.70	 43.88	 -6.33
42572653003	 -99.87	 43.92	 -6.46
42572653004	 -99.07	 44.07	 -9.24
42572653005	-100.28	 44.38	 -7.16
42572653007	 -99.47	 44.52	 -8.79
42572654000	 -98.22	 44.38	 -8.87
42572654001	 -97.52	 44.02	 -9.53
42572654002	 -98.07	 44.03	 -8.33
42572654003	 -97.73	 44.88	-10.84
42572655000	 -94.07	 45.55	-11.02
42572655003	 -93.30	 45.88	-11.07
42572658000	 -93.22	 44.88	 -8.45
42572658001	 -93.18	 44.67	 -8.19
42572659000	 -98.43	 45.45	-11.12
42572659001	 -99.13	 45.03	 -9.75
42572659002	 -98.50	 45.15	-11.36
42572659003	 -99.63	 45.78	-11.16
42572659004	 -98.40	 46.15	-11.89
42572661001	-104.20	 44.93	 -4.95
42572661003	-104.53	 45.88	 -6.06
42572661004	-102.65	 45.98	 -8.74
42572661005	-102.87	 46.55	 -8.51
42572662001	-103.47	 43.43	 -3.05
42572662002	-104.22	 43.85	 -4.14
42572662004	-103.28	 44.12	 -4.53
42572666001	-106.83	 44.83	 -5.93
42572670001	-110.58	 43.85	 -8.41
42572670003	-107.97	 44.02	 -7.07
42572670004	-108.05	 44.38	 -6.73
42572670008	-108.75	 44.78	 -5.58
42572670010	-110.70	 44.97	 -5.68
42572670011	-109.25	 45.18	 -4.61
42572670012	-110.57	 45.48	 -3.15
42572671002	-109.07	 41.60	 -5.73
42572671005	-109.87	 42.87	 -9.45
42572671006	-111.03	 43.78	 -6.01
42572672000	-108.47	 43.07	 -7.37
42572672001	-108.93	 43.23	  -5.9
42572677000	-108.53	 45.80	 -3.13
42572677005	-108.32	 46.85	 -4.35
42572681000	-116.22	 43.57	  0.73
42572681004	-114.35	 43.68	 -6.43
42572681006	-116.93	 44.08	  0.93
42572681008	-116.68	 44.57	 -2.67
42572683001	-120.37	 42.22	 -0.25
42572683003	-118.83	 43.28	 -0.97
42572688000	-118.85	 45.68	  1.62
42572688002	-117.88	 45.22	  0.69
42572688005	-119.55	 45.37	  1.96
42572688006	-118.82	 45.48	  1.95
42572693000	-123.22	 44.12	  5.35
42572693001	-123.37	 43.22	  6.77
42572693002	-124.25	 43.42	  8.73
42572693003	-123.32	 43.67	  6.21
42572693005	-121.28	 44.07	  0.18
42572694002	-120.90	 44.35	  0.87
42572694004	-123.20	 44.63	  5.23
42572698000	-122.60	 45.60	  5.43
42572698002	-122.15	 45.45	  5.22
42572698007	-122.65	 45.68	  4.67
42572698008	-121.52	 45.68	  2.23
42572698010	-122.92	 46.15	  5.24
42572712000	 -68.02	 46.87	-10.79
42572713001	 -67.78	 46.13	-10.23
42572713002	 -67.83	 46.20	 -9.73
42572713003	 -68.00	 46.65	-10.26
42572734000	 -84.40	 46.50	 -8.72
42572734002	 -85.50	 46.33	 -7.89
42572741002	 -90.35	 45.13	-10.27
42572741003	 -91.88	 45.82	 -9.63
42572741005	 -90.18	 46.47	-10.79
42572743000	 -87.40	 46.60	 -9.09
42572743001	 -88.62	 46.05	-11.03
42572743002	 -86.92	 46.33	 -7.25
42572743005	 -87.98	 46.52	 -9.98
42572744001	 -88.50	 47.17	 -8.42
42572745000	 -92.18	 46.83	-11.22
42572745001	 -92.52	 46.70	 -10.9
42572745002	 -91.67	 47.02	 -8.45
42572745003	 -92.85	 47.38	-12.59
42572745004	 -92.57	 47.47	-12.88
42572747000	 -93.38	 48.57	-13.82
42572750001	 -94.12	 46.67	-12.43
42572750003	 -95.07	 46.90	-12.83
42572753000	 -96.80	 46.90	-12.46
42572753002	 -96.60	 46.32	-11.95
42572753003	 -97.68	 46.43	-12.44
42572753006	 -97.07	 47.45	-13.21
42572753008	 -97.08	 47.93	-12.77
42572755002	 -95.20	 47.22	-13.84
42572755003	 -94.22	 47.25	-13.07
42572755005	 -95.73	 47.57	-14.63
42572756001	 -94.62	 48.72	 -13.3
42572758001	 -98.68	 46.88	-11.77
42572758006	 -97.42	 48.42	-13.59
42572758007	-100.30	 48.62	-15.28
42572758008	 -98.33	 48.75	-15.85
42572758009	-100.45	 48.83	-14.47
42572764000	-100.75	 46.77	-10.82
42572764002	-102.33	 46.38	 -9.45
42572764003	 -99.77	 46.50	-12.26
42572764005	-100.90	 46.80	-10.91
42572765002	-102.80	 46.88	 -9.87
42572765003	-102.32	 46.88	 -9.28
42572765004	-102.65	 47.35	 -9.43
42572765005	-101.28	 48.27	-11.17
42572767000	-103.63	 48.18	-11.58
42572767001	-104.35	 47.45	 -8.43
42572767002	-104.45	 48.48	-11.52
42572767003	-103.30	 48.90	-12.27
42572768000	-106.62	 48.22	-10.75
42572768001	-106.90	 47.32	 -7.27
42572768003	-107.73	 48.40	-10.02
42572772000	-112.00	 46.60	 -5.89
42572772001	-112.63	 45.20	 -3.91
42572772003	-111.95	 45.30	 -4.12
42572772004	-111.72	 45.35	 -3.65
42572772005	-111.63	 45.48	 -1.79
42572772006	-111.05	 45.67	  -3.8
42572772010	-112.95	 46.13	 -3.84
42572773000	-114.08	 46.92	 -3.82
42572773001	-113.90	 45.18	 -4.28
42572773002	-114.15	 46.25	 -2.58
42572773003	-113.30	 46.32	 -3.97
42572775001	-109.95	 47.05	 -4.35
42572775004	-112.25	 48.32	 -4.88
42572776000	-111.38	 47.47	 -4.57
42572776001	-111.72	 47.22	 -2.83
42572776002	-112.38	 47.48	 -3.85
42572777001	-109.80	 48.50	 -7.54
42572777002	-109.23	 48.58	 -8.54
42572779000	-114.27	 48.30	 -4.74
42572779002	-112.37	 48.60	 -6.55
42572779003	-114.90	 48.78	 -5.22
42572781000	-120.53	 46.57	 -0.58
42572781001	-120.72	 45.48	  0.72
42572781003	-120.55	 46.97	 -1.86
42572781004	-120.95	 47.18	 -1.41
42572781005	-120.20	 47.40	 -1.02
42572781006	-120.32	 47.42	 -0.49
42572783000	-117.02	 46.38	  1.75
42572783003	-116.30	 46.50	  1.79
42572783004	-116.97	 46.73	 -0.18
42572783005	-117.18	 46.77	 -0.39
42572784001	-119.10	 46.22	  1.96
42572785002	-116.12	 47.53	 -1.12
42572785003	-117.53	 47.63	 -1.55
42572785005	-116.57	 48.28	 -1.87
42572786001	-118.37	 47.12	 -0.99
42572786002	-118.70	 47.32	 -0.49
42572786004	-118.13	 47.65	 -2.65
42572786006	-116.83	 48.35	 -3.23
42572786008	-117.78	 48.92	 -1.91
42572786009	-116.50	 49.00	 -2.79
42572788003	-118.42	 45.95	  2.46
42572788005	-118.00	 46.32	  1.63
42572789002	-120.72	 48.35	 -1.37
42572789003	-120.18	 48.47	 -4.72
42572791000	-123.88	 46.15	  6.37
42572791001	-123.87	 45.45	   7.0
42572791002	-124.03	 46.37	   6.5
42572791003	-123.72	 46.65	  4.75
42572793000	-122.33	 47.60	  5.57
42572793002	-121.73	 47.42	  2.43
42572793007	-122.30	 47.65	  5.93
42572793010	-122.18	 47.98	  4.68
42572797001	-124.37	 47.95	  4.92
42574001003	 -86.20	 35.35	  4.16
42574002002	 -76.97	 39.55	  0.51
42574002004	 -76.75	 39.92	  0.13
42574002005	 -77.63	 39.93	  -0.5
42574201001	-123.43	 48.12	  4.59
42574201002	-122.75	 48.12	  5.66
42574201005	-122.80	 48.62	  5.14
42574201006	-122.52	 48.72	  5.29
42574201008	-122.33	 48.97	  3.62
42574201009	-122.75	 49.00	  3.32
42574206001	-121.82	 46.75	  0.19
42574206003	-122.00	 47.17	  5.11
42574230001	-104.50	 46.42	 -7.25
42574230002	-105.87	 46.43	 -6.61
42574230003	-104.97	 46.77	 -8.13
42574230004	-104.72	 47.10	 -8.06
42574341001	 -94.45	 44.30	 -8.95
42574341003	 -94.93	 44.72	-10.61
42574341004	 -95.75	 44.93	-10.51
42574341005	 -95.93	 45.13	-10.19
42574341007	 -95.88	 45.58	-11.83
42574357001	 -90.78	 42.83	 -7.53
42574357002	 -91.15	 43.03	 -5.77
42574365001	 -84.78	 45.57	 -7.23
42574365002	 -84.47	 45.65	 -7.27
42574370001	 -75.48	 43.80	 -7.57
42574370003	 -75.87	 43.97	 -6.09
42574370004	 -76.02	 44.00	 -5.84
42574370005	 -74.90	 44.15	 -8.65
42574370006	 -75.12	 44.57	 -8.13
42574370008	 -74.65	 44.75	 -7.21
42574389001	 -70.22	 44.10	 -4.75
42574392001	 -69.93	 43.88	 -4.21
42574392002	 -69.78	 44.22	  -6.2
42574392003	 -69.80	 44.32	 -5.72
42574413002	-114.13	 42.60	 -1.45
42574413003	-114.52	 42.73	 -1.11
42574420001	-110.40	 40.17	 -3.91
42574420002	-109.87	 40.28	 -4.01
42574420003	-109.52	 40.45	 -3.84
42574421002	-106.83	 40.50	  -7.5
42574431005	-104.95	 42.12	 -0.85
42574433001	 -99.88	 39.02	 -0.93
42574433003	 -99.83	 39.70	 -1.56
42574433005	-100.52	 39.83	 -2.14
42574433006	 -99.83	 40.13	 -1.49
42574433007	-101.63	 40.52	 -2.14
42574440000	 -97.33	 40.10	 -2.88
42574440002	 -96.75	 40.30	 -3.36
42574440003	 -97.60	 40.53	 -2.75
42574440004	 -97.58	 40.63	 -3.89
42574445001	 -97.97	 42.07	 -5.83
42574455001	 -90.27	 41.80	 -4.52
42574455002	 -89.97	 41.82	 -4.87
42574460001	 -88.63	 40.88	 -3.39
42574460002	 -88.92	 41.33	 -3.54
42574465001	 -87.28	 41.55	 -3.27
42574466005	 -86.58	 41.02	 -3.47
42574468001	 -85.77	 38.70	  0.27
42574468005	 -85.92	 39.20	 -0.53
42574480001	 -74.97	 42.52	 -5.33
42574480002	 -74.92	 42.70	 -5.02
42574480005	 -74.87	 43.07	 -6.39
42574480007	 -75.38	 43.15	 -4.83
42574484001	 -72.32	 42.95	 -5.44
42574484002	 -72.60	 43.38	  -6.5
42574490006	 -71.28	 42.48	 -2.16
42574491001	 -72.53	 42.38	 -3.58
42574492000	 -71.12	 42.22	 -2.01
42574492001	 -70.70	 41.98	  0.18
42574506002	-122.43	 37.77	  12.2
42574509004	-121.77	 37.67	  9.75
42574516001	-122.65	 38.27	  9.81
42574516004	-121.95	 38.40	  9.39
42574516005	-122.70	 38.45	 10.29
42574516006	-122.87	 38.62	 10.16
42574521001	-109.55	 37.28	  1.64
42574521003	-109.48	 37.62	  1.41
42574521004	-107.13	 37.77	 -8.55
42574521006	-107.87	 37.95	 -5.86
42574530001	-101.25	 37.93	   0.4
42574530002	-102.12	 38.05	 -0.34
42574530004	-102.62	 38.08	 -0.57
42574531002	-105.28	 39.22	 -3.87
42574533002	-105.08	 40.58	 -0.39
42574541001	 -99.33	 37.27	  2.59
42574541002	 -99.10	 38.18	  0.51
42574542001	 -94.88	 36.88	  2.73
42574542002	 -96.18	 37.13	  1.92
42574542003	 -94.85	 37.17	   2.0
42574542004	 -95.70	 37.25	  2.37
42574542006	 -94.70	 37.85	  0.88
42574545001	 -97.67	 38.38	  0.46
42574550001	 -92.27	 37.15	  0.89
42574550002	 -92.65	 37.67	  1.92
42574550004	 -93.37	 38.25	  0.39
42574551002	 -93.42	 38.97	  0.03
42574551003	 -93.87	 39.20	 -1.09
42574551004	 -93.12	 39.42	 -2.31
42574556002	 -90.38	 39.43	 -1.69
42574556005	 -90.20	 39.73	 -2.09
42574556007	 -91.88	 39.97	 -1.55
42574594003	 -76.80	 38.97	  2.24
42574595001	 -75.52	 38.33	   3.1
42574595002	 -75.58	 38.37	  4.13
42574595003	 -75.58	 38.83	   2.4
42574598003	 -76.70	 37.30	  4.81
42574611001	-116.78	 34.87	  10.4
42574619001	-116.87	 36.47	 12.69
42574629001	-106.10	 32.38	   7.4
42574630001	-106.88	 34.08	   4.8
42574635005	-108.00	 36.83	  1.35
42574638001	-102.73	 34.23	  3.63
42574638003	-104.25	 34.47	  4.77
42574640002	 -99.40	 35.60	  2.37
42574640003	 -98.32	 36.12	  3.73
42574640004	 -99.17	 36.23	  1.99
42574640007	 -99.62	 36.83	  3.38
42574647002	 -97.10	 36.12	  3.75
42574647003	 -97.30	 36.28	  4.78
42574647005	 -97.87	 36.42	  3.82
42574647006	 -97.80	 36.72	  3.51
42574647007	 -97.10	 36.73	  3.69
42574647008	 -97.05	 36.88	  3.03
42574648002	 -96.30	 35.43	  6.35
42574648004	 -96.02	 35.62	  3.75
42574648005	 -95.33	 35.77	  5.38
42574648006	 -94.97	 35.93	  4.68
42574649001	 -97.15	 34.20	  7.45
42574649003	 -97.28	 34.73	  5.86
42574649004	 -96.68	 34.78	  5.53
42574662001	 -89.67	 36.20	  3.65
42574662003	 -89.97	 37.30	  2.33
42574671002	 -87.37	 36.55	  3.91
42574693001	 -78.98	 34.62	  6.92
42574693002	 -78.87	 35.07	  6.35
42574693004	 -77.97	 35.33	  7.27
42574695001	 -76.62	 36.05	  7.11
42574699001	 -78.02	 34.00	  7.92
42574699002	 -77.90	 34.30	  8.67
42574702001	-119.65	 36.30	  8.71
42574718001	-116.17	 33.63	 13.35
42574731001	-104.68	 34.95	  5.04
42574731003	-103.68	 35.20	  4.77
42574732002	-105.85	 32.95	  3.91
42574732004	-106.05	 33.08	  7.27
42574733001	-105.88	 33.63	   4.7
42574734001	-106.73	 32.62	  5.35
42574735001	-100.92	 32.72	  6.51
42574750002	 -96.47	 32.08	  8.83
42574752002	 -95.03	 33.63	   6.7
42574752003	 -93.38	 33.80	  7.49
42574753001	 -91.72	 32.10	  9.22
42574753002	 -92.33	 32.52	  8.57
42574753003	 -92.05	 32.52	  9.43
42574753004	 -91.90	 32.78	  8.05
42574754002	 -92.47	 31.32	 10.44
42574754004	 -91.38	 31.55	 10.47
42574755001	 -91.98	 30.20	 12.08
42574755002	 -92.03	 30.43	 12.11
42574769005	 -88.52	 33.83	   6.8
42574769006	 -89.00	 34.15	  6.25
42574769008	 -89.53	 34.38	  5.92
42574777001	 -87.32	 30.35	 12.16
42574777003	 -87.20	 30.47	 12.21
42574777005	 -87.02	 30.72	 11.45
42574777006	 -87.05	 31.07	  9.91
42574778001	 -86.07	 30.73	 11.03
42574780001	 -81.92	 31.93	 10.36
42574781001	 -83.43	 30.53	 12.41
42574781002	 -83.58	 30.80	 10.89
42574790001	 -80.35	 33.93	  7.66
42574790004	 -80.65	 34.25	  6.27
42574790005	 -79.88	 34.30	  8.47
42574791003	 -79.05	 33.83	  8.57
42574792001	 -80.87	 33.50	  9.21
42574792002	 -79.82	 33.65	  8.11
42574795001	 -80.35	 27.47	 17.63
42591165000	-159.35	 21.98	 22.27
42591182000	-157.93	 21.35	 23.33
42591190000	-156.43	 20.90	  22.7
42591285000	-155.07	 19.72	 22.36
43104220000	 -52.75	 68.70	-14.83
43104250000	 -51.75	 64.17	 -8.63
43104320000	 -18.67	 76.77	-23.48
43104360000	 -37.63	 65.60	 -7.32
43104390000	 -43.17	 60.05	 -4.69
50194120000	 130.87	-12.40	 28.08
50194203000	 122.22	-17.95	 29.22
50194212000	 127.65	-18.22	 29.86
50194287000	 145.75	-16.88	 27.24
50194294000	 146.75	-19.25	 27.83
50194300000	 113.67	-24.87	 26.43
50194312000	 119.57	-20.10	 30.33
50194326000	 133.88	-23.80	 28.87
50194367000	 149.22	-21.12	 26.63
50194403000	 114.70	-28.78	 24.29
50194430000	 118.53	-26.60	 30.43
50194461000	 128.28	-25.03	 29.69
50194510000	 146.27	-26.40	 27.75
50194578000	 153.10	-27.40	 24.27
50194610000	 116.00	-31.90	 24.05
50194637000	 121.45	-30.78	 25.08
50194653000	 133.70	-32.12	 21.49
50194659000	 136.82	-31.13	 26.45
50194672000	 138.52	-34.93	 21.25
50194693000	 142.08	-34.22	  23.6
50194711000	 145.82	-31.48	 26.57
50194767000	 151.18	-33.95	  22.2
50194776000	 151.82	-32.78	 22.63
50194791000	 153.12	-30.32	 22.78
50194821000	 140.78	-37.73	 17.27
50194865000	 144.73	-37.85	 18.55
50194907000	 147.13	-38.10	 18.46
50194910000	 147.45	-35.15	 22.85
50194926000	 149.18	-35.30	 19.31
50194968000	 147.20	-41.53	  15.9
50194975000	 147.48	-42.83	 16.17
50194995000	 159.07	-31.53	 22.49
50194998000	 158.95	-54.48	  6.61
50548601000	 100.27	  5.30	  27.3
50548615000	 102.28	  6.17	 26.11
50548647000	 101.55	  3.12	 27.05
50548657000	 103.22	  3.62	 25.41
50548665000	 102.25	  2.27	 26.59
50596413000	 110.33	  1.48	 25.62
50596441000	 113.03	  3.20	 26.31
50596449000	 113.98	  4.33	 26.14
50596471000	 116.05	  5.93	 26.65
50596491000	 118.07	  5.90	 26.63
50793780000	 172.52	-43.48	 16.09
50793844000	 168.55	-46.70	 13.31
50998223000	 120.53	 18.18	 25.34
52694299000	 149.98	-16.30	 27.99
52791334000	 151.85	  7.47	 27.51
52791348000	 158.22	  6.97	 27.04
52891925000	-139.03	 -9.80	 26.58
52891930000	-151.75	-16.45	 27.11
52891938000	-149.62	-17.55	 27.21
52891943000	-145.03	-14.48	 28.27
52891958000	-144.33	-27.62	 23.18
53191366000	 167.73	  8.73	 27.77
53191376000	 171.38	  7.08	 27.36
53494996000	 167.93	-29.03	 21.78
53691408000	 134.48	  7.33	 27.49
60311120000	  11.35	 47.27	  0.13
60311240000	  15.43	 47.00	 -0.76
60311320000	  11.40	 47.30	  0.75
61111406000	  12.40	 50.08	 -1.12
61111518000	  14.25	 50.10	 -0.93
61111723000	  16.70	 49.15	 -0.79
61111782000	  18.12	 49.68	 -0.91
61206030000	   9.87	 57.10	   0.5
61402836000	  26.65	 67.37	-11.47
61402869000	  29.18	 65.97	-10.83
61402875000	  25.37	 64.93	 -7.94
61402897000	  27.68	 64.28	 -9.37
61402929000	  29.63	 62.67	 -8.55
61402963000	  23.50	 60.82	 -5.16
61402972000	  22.27	 60.52	 -3.99
61402974000	  25.00	 60.30	 -4.57
61710035000	   9.52	 54.47	  0.89
61710147000	  10.00	 53.63	  1.41
61710170000	  12.08	 54.18	   1.2
61710338000	   9.68	 52.47	  1.38
61710379000	  13.07	 52.38	  0.31
61710410000	   6.97	 51.40	  2.63
61710438000	   9.45	 51.30	  0.85
61710499000	  14.95	 51.17	 -0.26
61710763000	  11.05	 49.50	  0.89
61710961000	  10.98	 47.42	 -9.61
61816622000	  22.97	 40.52	  7.11
61816641000	  19.92	 39.62	 10.73
61816648000	  22.42	 39.63	  6.69
61816714000	  23.72	 37.97	  10.2
61816716000	  23.73	 37.90	 11.13
62004018000	 -22.60	 63.97	 -0.01
62004063000	 -18.08	 65.68	 -1.91
62004082000	 -15.20	 64.30	 -0.07
62316045000	  13.10	 46.00	  4.85
62316090000	  10.87	 45.38	  4.06
62316110000	  13.75	 45.65	  6.81
62316320000	  17.95	 40.65	 10.69
62316459000	  14.92	 37.40	 11.65
62316560000	   9.07	 39.25	 10.81
63016597000	  14.48	 35.85	 13.67
63306260000	   5.18	 52.10	  3.02
63401025000	  19.00	 69.50	 -2.67
63401028000	  19.02	 74.52	 -7.31
63401098000	  31.10	 70.37	 -3.89
63401152000	  14.37	 67.27	 -0.41
63401241000	   9.60	 63.70	  0.26
63401317000	   5.30	 60.40	  1.81
63401384000	  11.08	 60.20	 -5.85
63401415000	   5.63	 58.88	  1.68
63608515000	 -25.17	 36.97	 15.01
63822113000	  33.05	 68.97	 -8.27
63827612000	  37.62	 55.83	 -6.56
64308001000	  -8.42	 43.37	 11.43
64308141000	  -4.77	 41.65	  5.69
64308306000	   2.73	 39.55	 10.52
64308314000	   4.30	 39.90	 11.97
64308359000	  -0.50	 38.37	 12.69
64308449000	  -6.35	 36.65	 12.87
64502080000	  22.50	 68.45	-12.28
64502196000	  24.15	 65.83	 -8.91
64502226000	  14.50	 63.18	 -6.09
64502418000	  13.47	 59.37	 -3.04
64502512000	  11.88	 57.78	 -0.55
64502550000	  14.08	 57.77	 -2.74
64502590000	  18.35	 57.67	 -0.19
64606660000	   8.57	 47.38	  1.54
64606680000	   9.35	 47.25	 -6.06
64606700000	   6.13	 46.25	  3.16
64606770000	   8.97	 46.00	  4.58
64917022000	  31.80	 41.45	  6.65
64917030000	  36.33	 41.28	  7.53
64917034000	  38.40	 40.92	   7.6
64917050000	  26.57	 41.67	  3.91
64917062000	  29.08	 40.97	  6.84
64917074000	  33.77	 41.37	  1.11
64917084000	  34.97	 40.55	  1.57
64917090000	  37.02	 39.75	 -0.93
64917092000	  39.50	 39.73	 -0.33
64917098000	  43.08	 40.60	 -7.67
64917112000	  26.40	 40.13	  7.15
64917116000	  29.07	 40.18	  6.35
64917130000	  32.90	 40.00	  2.47
64917188000	  29.42	 38.67	  3.72
64917190000	  30.53	 38.75	  2.07
64917210000	  42.00	 37.93	  4.19
64917240000	  30.55	 37.75	  3.15
64917250000	  34.68	 37.97	  1.37
64917255000	  36.93	 37.60	  6.49
64917270000	  38.77	 37.13	  7.18
64917280000	  40.18	 37.88	   3.4
64917292000	  28.35	 37.20	  6.47
64917300000	  30.73	 36.70	 10.22
65103005000	  -1.18	 60.13	  3.59
65103026000	  -6.32	 58.22	  4.78
65103091000	  -2.22	 57.20	  3.79
65103100000	  -6.88	 56.50	  5.67
65103160000	  -3.35	 55.95	  4.05
65103162000	  -3.20	 55.32	  2.51
65103302000	  -4.53	 53.25	  6.06
65103334000	  -2.27	 53.35	   4.7
65103377000	  -0.52	 53.17	   4.2
65103715000	  -3.40	 51.40	  5.47
65103776000	  -0.18	 51.15	  5.15
65103862000	  -1.83	 50.78	  5.57
65103917000	  -6.22	 54.65	  4.78
65408522000	 -16.90	 32.63	 16.65
70089564000	  62.87	-67.60	 -1.98
