recid	lon	lat	avgd
10365306000	   2.93	 11.13	  0.34
10365319000	   1.38	 10.32	 -0.29
10365335000	   2.47	  8.03	 -0.26
10365338000	   2.07	  7.17	 -0.58
13361036000	   1.45	 14.20	 -0.49
13361090000	   8.98	 13.78	 -1.27
13361096000	  11.98	 13.23	 -0.51
13761679000	 -16.07	 14.13	  1.28
13761695000	 -16.27	 12.55	  0.61
14168174000	  29.45	-23.87	 -0.11
14168262000	  28.18	-25.73	  0.75
14168368000	  28.23	-26.13	 -0.12
14168438000	  24.77	-28.80	 -0.64
14168442000	  26.30	-29.10	 -0.13
14168588000	  30.95	-29.97	  0.21
14168842000	  25.60	-33.98	 -0.15
14168858000	  27.83	-33.03	  0.24
14168906000	  -9.88	-40.35	   0.7
20550745000	 123.92	 47.38	  2.98
20551777000	  88.17	 39.03	  1.14
20552836000	  98.10	 36.30	  0.57
20553068000	 111.53	 44.22	  2.28
20554292000	 129.47	 42.88	  2.84
20554342000	 123.43	 41.77	  1.99
20557036000	 108.93	 34.30	  0.85
20557083000	 113.65	 34.72	  0.99
20742314000	  95.02	 27.48	  0.54
20742410000	  91.58	 26.10	  0.38
20742647000	  72.63	 23.07	 -0.37
20742671000	  78.75	 23.85	 -0.55
20742754000	  75.80	 22.72	  0.29
20742867000	  79.05	 21.10	 -0.09
20742933000	  77.07	 20.70	 -0.26
20743041000	  82.03	 19.08	 -0.51
20743057000	  72.82	 18.90	 -0.18
20743128000	  78.50	 17.50	  0.53
20743185000	  81.15	 16.20	  0.82
20743314000	  75.78	 11.25	  0.56
20743369000	  73.15	  8.30	  1.08
21047401000	 141.68	 45.42	  1.31
21047407000	 142.37	 43.77	  1.76
21047409000	 144.28	 44.02	  1.63
21047412000	 141.33	 43.05	  1.71
21047418000	 144.40	 42.98	  1.64
21047420000	 145.58	 43.33	   1.5
21047421000	 140.23	 42.80	  0.81
21047426000	 142.78	 42.17	  0.78
21047430000	 140.75	 41.82	  1.56
21047575000	 140.77	 40.82	  1.71
21047582000	 140.10	 39.72	  1.12
21047585000	 141.97	 39.65	  0.66
21047590000	 140.90	 38.27	  1.01
21047598000	 140.90	 36.95	  0.83
21047600000	 136.90	 37.38	  0.83
21047605000	 136.63	 36.58	  1.16
21047618000	 137.97	 36.25	   0.9
21047624000	 139.10	 36.40	   0.7
21047636000	 136.97	 35.17	  1.17
21047648000	 140.87	 35.73	  0.91
21047655000	 138.22	 34.60	   0.9
21047662000	 139.77	 35.68	  1.51
21047678000	 139.78	 33.10	  0.32
21047696001	 139.67	 35.28	   2.0
21047755000	 132.07	 34.90	  0.87
21047764001	 132.23	 34.15	  1.03
21047772000	 135.52	 34.68	  1.42
21047778000	 135.77	 33.45	  0.64
21047800000	 129.30	 34.20	  1.43
21047807000	 130.38	 33.58	  1.62
21047815000	 131.62	 33.23	  1.13
21047817000	 129.87	 32.73	  1.07
21047827000	 130.55	 31.55	  1.73
21047830000	 131.42	 31.92	  0.98
21047837000	 131.00	 30.73	  0.98
21047843000	 128.83	 32.70	  1.04
21047891000	 134.05	 34.32	  1.22
21047898000	 133.02	 32.72	  0.96
21047909000	 129.50	 28.38	  0.77
21047918000	 124.17	 24.33	  1.03
21047927000	 125.28	 24.78	  0.95
21047936000	 127.68	 26.20	  0.99
21047945000	 131.23	 25.83	   0.5
21047991000	 153.97	 24.30	 -0.17
21941598000	  73.72	 32.93	  0.31
21941624000	  70.92	 31.82	  0.37
21941640000	  74.33	 31.55	  0.71
21941660000	  66.90	 30.30	  0.88
21941675000	  71.43	 30.20	  0.31
21941715000	  68.47	 28.30	 -0.02
21941739000	  64.10	 26.97	  0.18
21941780000	  67.13	 24.90	  0.67
22147115000	 130.90	 37.48	  1.51
22147138000	 129.38	 36.03	  2.02
22147159000	 129.03	 35.10	  1.89
22147165000	 126.38	 34.78	   0.9
22147184000	 126.53	 33.52	  1.29
22223330000	  66.67	 66.53	  2.11
22223933000	  69.03	 61.02	  1.93
22224125000	 112.43	 68.50	   2.8
22224266000	 133.38	 67.55	  3.06
22224641000	 121.62	 63.77	  1.95
22224959000	 129.72	 62.02	  3.14
22225400000	 150.90	 65.73	  1.83
22225954000	 166.00	 60.35	  1.19
22228275000	  68.25	 58.15	  1.42
22228440000	  60.60	 56.80	  1.73
22228698000	  73.38	 55.02	  0.79
22229263000	  92.15	 58.45	   3.4
22229282000	  97.45	 58.38	  3.25
22229838000	  83.52	 53.43	  0.79
22229866000	  91.70	 53.70	  2.61
22231004000	 125.37	 58.62	  1.91
22231168000	 138.15	 56.45	  2.33
22231369000	 140.70	 53.15	  2.72
22231735000	 135.23	 48.53	  1.87
22340394000	  41.68	 27.43	 -0.64
22340416000	  50.15	 26.27	 -0.07
22340438000	  46.73	 24.72	   0.7
22938507000	  52.98	 40.03	 -0.95
22938687000	  63.60	 39.08	 -0.62
22938880000	  58.33	 37.97	 -0.28
30187047000	 -65.48	-24.85	  0.59
30187078000	 -60.58	-24.70	  0.23
30187155000	 -59.05	-27.45	 -0.07
30187270000	 -59.70	-29.18	   0.2
30187349000	 -63.88	-31.67	  0.52
30187395000	 -58.02	-31.30	  0.12
30187509000	 -68.40	-34.58	  0.47
30187534000	 -63.37	-34.13	 -0.27
30187548000	 -60.92	-34.55	 -0.15
30187860000	 -67.50	-45.78	  0.29
30485406000	 -70.33	-18.33	   0.4
30485442000	 -70.43	-23.43	  0.23
30485469000	-109.42	-27.15	  0.06
30485574000	 -70.78	-33.38	 -0.27
30485682000	 -73.05	-36.77	  0.11
30485743000	 -72.63	-38.75	 -0.28
30485782000	 -73.05	-40.60	  0.32
30485799000	 -73.08	-41.42	 -0.17
30485934000	 -70.85	-53.00	 -0.05
42570026000	-156.78	 71.30	  2.71
42570133000	-162.63	 66.87	  2.22
42570174000	-151.52	 66.92	  1.21
42570200000	-165.43	 64.50	   1.3
42570219000	-161.80	 60.78	  1.76
42570231000	-155.62	 62.97	  2.77
42570251000	-150.10	 62.30	   2.2
42570261000	-147.87	 64.82	   3.2
42570273000	-150.02	 61.17	  2.19
42570275000	-146.35	 61.13	  2.69
42570291001	-141.94	 62.97	  1.77
42570296000	-145.50	 60.50	   1.6
42570308000	-170.22	 57.15	 -0.02
42570316000	-162.72	 55.20	  0.33
42570326000	-156.65	 58.68	  2.22
42570350000	-152.50	 57.75	  0.37
42570361000	-139.67	 59.52	   1.1
42570381001	-134.41	 58.30	  0.23
42570398000	-131.57	 55.03	  0.84
42572201000	 -81.75	 24.55	  0.25
42572201001	 -81.68	 24.58	  1.04
42572202000	 -80.28	 25.82	  0.88
42572203000	 -80.10	 26.68	  0.69
42572203001	 -80.63	 26.65	   1.1
42572205000	 -81.32	 28.43	  0.95
42572205002	 -81.05	 29.18	  0.68
42572206000	 -81.70	 30.40	  0.36
42572206002	 -81.88	 30.22	  0.63
42572206003	 -81.67	 30.23	  1.31
42572206005	 -81.42	 30.40	  1.43
42572206006	 -81.47	 30.65	  0.21
42572206007	 -81.38	 31.15	  0.86
42572207000	 -81.20	 32.13	  1.45
42572207002	 -80.77	 32.38	  1.31
42572207003	 -80.72	 32.48	  1.17
42572208001	 -79.93	 32.78	  1.03
42572208002	 -80.18	 32.98	  0.95
42572211000	 -82.53	 27.97	  1.51
42572211001	 -82.75	 28.15	  1.92
42572211003	 -82.32	 28.73	 -0.91
42572212001	 -82.08	 29.20	  0.31
42572212002	 -82.27	 29.68	  0.84
42572212003	 -82.60	 30.18	  0.62
42572214000	 -84.37	 30.38	  1.14
42572214001	 -84.65	 30.80	  0.46
42572215001	 -84.78	 33.43	  0.88
42572216002	 -83.53	 31.50	  0.92
42572217000	 -83.65	 32.70	  1.02
42572217002	 -83.47	 32.27	  0.75
42572217004	 -83.25	 33.08	  1.29
42572218000	 -81.97	 33.37	  1.05
42572218002	 -81.32	 33.37	  1.35
42572218003	 -82.65	 33.42	 -0.29
42572219000	 -84.42	 33.65	  2.42
42572219001	 -83.87	 33.60	  0.27
42572220001	 -85.03	 29.73	  1.13
42572223000	 -88.25	 30.68	  0.66
42572223001	 -88.48	 30.40	 -0.68
42572223003	 -87.88	 30.55	  0.26
42572225002	 -84.95	 32.52	  1.49
42572225004	 -85.18	 32.87	  0.24
42572226000	 -86.40	 32.30	  1.18
42572226001	 -85.95	 31.78	 -0.13
42572226002	 -86.32	 31.95	   1.1
42572226006	 -87.00	 32.42	  0.18
42572227002	 -84.02	 34.55	  0.49
42572228000	 -86.75	 33.57	   1.4
42572229001	 -87.58	 32.70	  1.76
42572229002	 -87.62	 33.23	  2.57
42572231002	 -90.73	 29.58	  0.04
42572231003	 -90.78	 29.77	   0.9
42572231004	 -91.55	 29.82	  0.84
42572231005	 -90.02	 29.82	  1.14
42572231006	 -90.13	 29.92	  1.78
42572231008	 -91.03	 30.07	  0.57
42572231009	 -91.13	 30.53	  1.22
42572233001	 -89.38	 30.30	  0.95
42572233002	 -90.12	 30.53	  0.96
42572233003	 -90.53	 30.70	  1.16
42572233004	 -89.55	 30.85	  0.19
42572233006	 -89.83	 31.25	  0.46
42572233007	 -89.30	 31.32	  0.99
42572234000	 -88.75	 32.33	  1.75
42572234001	 -89.12	 31.68	  1.16
42572234003	 -87.73	 31.92	  1.28
42572234004	 -88.57	 32.55	  1.64
42572234005	 -88.13	 32.83	  1.46
42572234006	 -89.07	 33.13	  1.54
42572235000	 -90.08	 32.32	  1.36
42572235001	 -90.45	 31.55	 -0.18
42572235002	 -90.10	 31.55	   1.7
42572235003	 -91.23	 31.95	  1.81
42572235005	 -90.37	 31.97	  0.84
42572235011	 -91.02	 33.38	  0.97
42572235012	 -90.52	 33.45	  1.32
42572240000	 -93.22	 30.12	  1.38
42572240001	 -92.67	 30.20	 -0.12
42572241001	 -94.02	 29.95	  1.64
42572242000	 -94.80	 29.30	  1.92
42572243000	 -95.35	 29.97	  1.14
42572243002	 -95.28	 29.65	  1.77
42572243005	 -94.80	 30.05	  2.02
42572243006	 -96.40	 30.17	  2.45
42572247001	 -94.35	 32.53	  1.49
42572248000	 -93.78	 32.47	  1.38
42572249001	 -97.82	 32.77	   1.7
42572250000	 -97.42	 25.92	  2.03
42572250003	 -98.87	 26.38	  2.64
42572251000	 -97.50	 27.77	  1.97
42572251001	 -98.13	 27.23	  1.92
42572251002	 -97.82	 27.50	  1.85
42572251004	 -97.28	 27.68	  1.82
42572251005	 -98.07	 27.73	  1.73
42572251007	 -97.70	 28.45	  2.04
42572253000	 -98.47	 29.53	  1.98
42572253001	 -99.42	 28.03	  2.59
42572253008	 -98.72	 29.80	  0.78
42572253009	 -98.42	 30.10	  1.44
42572254000	 -97.70	 30.30	  2.05
42572254004	 -98.68	 30.75	  1.66
42572255000	 -96.92	 28.85	  1.53
42572255002	 -96.23	 29.05	  0.38
42572255003	 -96.95	 29.47	  1.02
42572256000	 -97.22	 31.62	  1.06
42572256002	 -96.48	 31.68	  1.68
42572257003	 -98.18	 31.05	  0.77
42572257005	 -97.32	 31.08	  1.75
42572259000	 -97.03	 32.90	  1.47
42572259003	 -96.12	 33.15	  1.74
42572259004	 -97.07	 33.63	  1.73
42572260001	 -99.00	 31.72	   2.2
42572260002	 -98.33	 32.10	  1.17
42572262002	-104.23	 32.42	  1.88
42572263000	-100.50	 31.37	  1.19
42572263002	 -99.98	 31.73	  1.77
42572264003	-103.50	 31.42	  1.49
42572265000	-102.18	 31.95	  1.27
42572265001	-102.20	 31.13	  1.45
42572265002	-103.20	 31.78	  1.27
42572265004	-102.67	 32.72	  1.04
42572266000	 -99.68	 32.42	  0.64
42572266003	 -99.75	 33.17	  1.45
42572267000	-101.82	 33.65	  1.47
42572267002	-101.25	 33.65	  1.27
42572268000	-104.53	 33.30	  2.86
42572269001	-106.75	 32.28	  1.98
42572270000	-106.40	 31.80	   2.6
42572271001	-108.15	 32.80	  2.63
42572271002	-107.18	 33.15	  1.09
42572273002	-109.60	 31.47	  1.97
42572273004	-110.05	 31.70	  0.86
42572274000	-110.93	 32.12	  1.78
42572274003	-109.68	 32.82	  1.75
42572278000	-112.02	 33.43	  3.34
42572278004	-110.88	 33.40	   2.2
42572278008	-111.15	 33.67	  1.47
42572278009	-112.73	 33.98	  1.91
42572280001	-114.65	 32.62	  1.92
42572280003	-114.72	 33.62	  1.26
42572281003	-115.55	 32.95	  1.37
42572289001	-118.15	 34.15	  0.25
42572290000	-117.17	 32.73	   0.9
42572290002	-117.10	 32.60	  2.28
42572290003	-117.20	 32.70	  0.66
42572293001	-116.58	 32.98	  0.55
42572295000	-118.27	 33.72	  1.22
42572297002	-117.88	 33.60	  0.55
42572297003	-117.73	 33.67	  1.32
42572297006	-117.78	 33.73	  1.13
42572304000	 -75.55	 35.27	  0.81
42572306000	 -78.78	 35.87	  0.83
42572306001	 -78.35	 35.52	 -0.31
42572306002	 -77.95	 35.70	  0.97
42572306003	 -77.53	 35.88	  0.13
42572306005	 -78.32	 36.10	  1.47
42572308000	 -76.20	 36.90	   1.2
42572308002	 -76.20	 36.32	  1.58
42572308004	 -76.28	 36.95	   0.9
42572309001	 -76.88	 34.90	  0.86
42572309003	 -77.53	 35.22	  0.29
42572310001	 -81.77	 33.98	  0.54
42572310002	 -81.02	 33.98	  1.34
42572310003	 -81.42	 34.20	  0.15
42572310005	 -81.08	 34.37	  0.94
42572311000	 -83.32	 33.95	  1.04
42572311001	 -82.72	 33.72	  1.71
42572311002	 -82.58	 34.08	  0.85
42572311003	 -83.85	 34.30	  1.83
42572311004	 -83.32	 34.58	  0.65
42572312000	 -82.22	 34.90	  0.51
42572312001	 -82.20	 34.17	  0.41
42572312003	 -82.03	 34.50	 -0.37
42572312004	 -82.67	 34.53	  0.49
42572312005	 -81.52	 34.63	  0.52
42572312006	 -82.82	 34.68	  0.79
42572312007	 -83.08	 34.75	  1.22
42572314000	 -80.93	 35.22	  1.35
42572314001	 -81.03	 34.93	  0.45
42572314002	 -80.50	 34.97	  0.46
42572314005	 -80.88	 35.82	  1.24
42572314006	 -81.53	 35.92	 -0.48
42572315000	 -82.55	 35.43	  0.99
42572315001	 -83.18	 35.05	 -1.62
42572315002	 -82.45	 35.33	  1.22
42572315003	 -82.97	 35.48	  1.24
42572315005	 -81.68	 35.75	  0.57
42572315008	 -82.40	 36.48	   1.4
42572317000	 -79.95	 36.08	  0.44
42572317001	 -80.48	 35.68	  0.98
42572317003	 -79.70	 36.38	  0.52
42572317004	 -80.62	 36.52	  -0.2
42572317005	 -79.38	 36.58	   0.5
42572320003	 -85.62	 34.57	   1.3
42572323001	 -86.77	 34.65	  0.85
42572323004	 -87.77	 35.30	  1.35
42572324000	 -85.20	 35.03	   1.9
42572324002	 -85.80	 35.68	  1.34
42572326000	 -83.98	 35.80	  1.07
42572326002	 -83.20	 35.98	  2.01
42572326003	 -85.13	 36.02	  1.44
42572326005	 -82.98	 36.42	  2.48
42572326007	 -84.17	 36.73	 -0.67
42572327000	 -86.68	 36.12	  1.12
42572327001	 -86.80	 35.45	  1.24
42572327002	 -86.37	 35.92	  -0.8
42572327004	 -87.38	 36.07	   0.2
42572330003	 -90.97	 36.27	  0.92
42572330005	 -90.82	 36.58	   0.1
42572334000	 -90.00	 35.05	  1.55
42572334003	 -89.43	 34.82	  1.18
42572334004	 -90.00	 34.83	  1.45
42572334006	 -89.67	 35.57	  1.72
42572334008	 -88.83	 35.62	  1.62
42572340000	 -92.25	 34.83	  1.37
42572340001	 -91.27	 33.80	  1.16
42572340004	 -91.18	 34.88	  0.69
42572340006	 -92.47	 35.08	  1.35
42572340007	 -91.28	 35.60	 -0.32
42572341001	 -95.52	 34.00	  0.72
42572341002	 -95.63	 34.25	   1.1
42572341003	 -94.27	 34.57	 -0.36
42572344000	 -94.37	 35.33	  1.05
42572344001	 -94.62	 35.05	 -0.17
42572344003	 -94.17	 36.10	 -0.38
42572344004	 -94.45	 36.43	  1.34
42572349001	 -93.65	 35.30	  0.16
42572351000	 -98.48	 33.97	  0.79
42572351001	 -98.00	 34.17	  0.78
42572352001	 -99.68	 34.25	  1.19
42572352003	 -99.33	 34.58	  0.82
42572352005	 -99.43	 34.83	  0.37
42572352007	 -99.80	 35.20	   0.5
42572353000	 -97.60	 35.38	  0.59
42572353001	 -98.32	 35.63	  1.54
42572353002	 -97.90	 35.85	  0.29
42572354004	 -97.45	 35.88	  0.97
42572355001	 -98.45	 34.62	 -0.05
42572355003	 -98.57	 35.12	  0.76
42572356000	 -95.88	 36.20	  0.96
42572356001	 -95.58	 36.32	  0.55
42572356002	 -96.35	 36.67	   0.5
42572356003	 -96.00	 36.75	  0.54
42572360002	-104.58	 36.37	  2.18
42572363000	-101.72	 35.22	  0.88
42572363001	-102.25	 35.53	  2.05
42572363002	-100.63	 35.70	  0.41
42572365000	-106.62	 35.05	  3.06
42572365002	-106.75	 34.77	  2.02
42572365007	-106.68	 35.77	  1.98
42572370001	-114.22	 34.22	  1.37
42572370002	-114.62	 34.77	  1.59
42572371002	-112.53	 37.05	  1.16
42572371003	-112.98	 37.22	  1.17
42572371006	-111.60	 37.77	  2.22
42572374000	-110.73	 35.02	  2.68
42572374003	-109.38	 34.52	  1.84
42572374004	-110.17	 34.90	  4.11
42572376002	-112.43	 34.57	  1.77
42572376003	-112.43	 34.65	  1.38
42572376004	-111.70	 35.10	  1.55
42572376005	-112.18	 35.25	   1.1
42572376006	-111.73	 35.27	  1.91
42572376007	-112.88	 35.32	   0.7
42572383001	-118.43	 34.70	  0.48
42572383003	-118.75	 35.03	  0.76
42572384000	-119.05	 35.43	   1.5
42572384001	-119.33	 35.60	  1.67
42572386000	-115.17	 36.08	  1.92
42572386001	-114.92	 35.47	   1.2
42572386002	-114.85	 35.98	  1.05
42572389000	-119.72	 36.77	  1.82
42572389001	-119.03	 36.38	  1.89
42572390001	-120.68	 35.63	  0.82
42572390002	-120.63	 35.67	  1.23
42572391003	-119.68	 34.42	  0.79
42572391004	-119.23	 34.45	   0.4
42572394000	-120.45	 34.90	  1.29
42572394002	-120.67	 35.30	  0.88
42572401000	 -77.33	 37.50	  1.12
42572401001	 -77.30	 37.30	  0.85
42572403001	 -78.12	 38.22	  0.63
42572403002	 -78.47	 38.90	 -0.03
42572404004	 -76.18	 38.72	   0.9
42572405000	 -77.03	 38.85	  0.84
42572405002	 -77.30	 38.50	  0.44
42572406000	 -76.67	 39.18	  1.42
42572406003	 -76.90	 39.10	  0.27
42572406005	 -76.07	 39.22	  0.12
42572406006	 -76.62	 39.28	  0.92
42572406007	 -76.87	 39.33	  1.02
42572407000	 -74.57	 39.45	  0.97
42572407002	 -75.07	 39.37	  1.25
42572407003	 -74.43	 39.38	  1.08
42572408000	 -75.20	 40.00	  1.72
42572408001	 -75.52	 39.15	  0.82
42572408003	 -75.60	 39.67	  1.02
42572408004	 -75.53	 39.77	  0.94
42572408005	 -74.78	 39.80	  1.53
42572408008	 -74.97	 39.97	  1.69
42572409005	 -74.57	 40.27	  0.34
42572410001	 -78.38	 37.33	 -0.18
42572410002	 -79.43	 37.78	  0.63
42572410003	 -78.52	 38.03	  0.54
42572411000	 -79.97	 37.32	  0.78
42572411001	 -79.90	 37.00	  1.18
42572412000	 -81.12	 37.78	   1.4
42572412001	 -81.33	 37.08	 -0.07
42572412002	 -81.22	 37.30	   1.6
42572412004	 -80.40	 37.85	 -0.22
42572414000	 -81.60	 38.37	  1.41
42572414001	 -81.92	 38.53	   1.4
42572414006	 -81.85	 39.65	  0.73
42572417001	 -78.93	 38.45	  0.04
42572417005	 -80.22	 38.98	  0.03
42572417006	 -79.67	 39.10	  0.42
42572417007	 -79.40	 39.40	  0.99
42572417009	 -78.75	 39.63	  0.17
42572421000	 -84.67	 39.05	  0.37
42572421001	 -84.62	 38.65	  2.27
42572422000	 -84.60	 38.03	  1.23
42572422002	 -84.30	 37.57	  0.85
42572422003	 -84.87	 38.23	  1.06
42572423000	 -85.73	 38.18	  1.49
42572423003	 -86.48	 38.55	  0.84
42572423004	 -86.08	 38.62	  0.49
42572424001	 -85.50	 37.25	  1.56
42572424002	 -86.30	 37.52	   0.1
42572425000	 -82.55	 38.37	  1.28
42572425003	 -83.55	 38.12	  0.32
42572425004	 -82.62	 38.45	  0.26
42572425005	 -82.88	 38.75	  0.03
42572426001	 -82.98	 39.12	  0.58
42572426002	 -83.62	 39.20	  0.73
42572426004	 -82.95	 39.62	 -0.56
42572428000	 -82.88	 40.00	  0.57
42572428003	 -83.78	 40.10	  1.74
42572428006	 -83.60	 40.65	 -0.16
42572429000	 -84.20	 39.90	  0.34
42572429001	 -85.18	 39.87	  0.03
42572429002	 -84.65	 40.10	  0.52
42572432000	 -87.53	 38.05	  1.44
42572432002	 -87.88	 37.95	  0.88
42572432003	 -88.50	 38.10	 -0.57
42572432004	 -88.87	 38.35	 -0.86
42572432005	 -87.58	 38.35	   0.5
42572432007	 -86.80	 38.67	  0.46
42572432008	 -88.07	 38.70	  0.37
42572432009	 -87.50	 38.73	  0.25
42572432010	 -87.62	 39.00	  1.05
42572434000	 -90.37	 38.75	   1.3
42572435000	 -88.77	 37.07	  1.14
42572435001	 -89.05	 36.40	  0.57
42572435003	 -89.23	 37.47	  0.87
42572435004	 -88.52	 37.73	 -0.52
42572438000	 -86.27	 39.73	  0.88
42572438001	 -86.55	 38.88	   0.1
42572438005	 -85.45	 39.60	  0.89
42572438006	 -86.85	 39.63	  0.58
42572438007	 -87.23	 39.77	  0.66
42572438009	 -86.93	 39.97	  0.17
42572438010	 -86.35	 40.00	  1.14
42572438011	 -85.72	 40.10	  0.83
42572439002	 -89.48	 39.15	  0.08
42572439003	 -89.87	 39.28	   0.2
42572439005	 -89.70	 39.80	  0.91
42572440000	 -93.38	 37.23	  0.61
42572440001	 -93.15	 36.27	  0.82
42572440003	 -94.37	 36.87	 -0.72
42572440004	 -94.50	 37.15	  1.29
42572440005	 -93.95	 37.38	  -0.6
42572440006	 -94.27	 37.50	  0.86
42572440007	 -94.03	 38.20	 -1.16
42572445000	 -92.22	 38.82	  0.02
42572445002	 -92.18	 38.58	 -0.18
42572445004	 -92.43	 39.40	  2.37
42572446005	 -94.33	 38.88	 -1.67
42572446007	 -94.93	 39.32	  0.82
42572449001	 -95.12	 39.57	  0.52
42572449002	 -95.52	 39.67	  0.58
42572449004	 -94.68	 40.25	 -0.06
42572450000	 -97.43	 37.65	  0.18
42572450002	 -96.83	 37.82	   0.6
42572451000	 -99.97	 37.77	  0.46
42572451001	-100.53	 36.82	 -0.73
42572451005	-100.90	 38.48	 -1.32
42572451006	 -99.33	 38.87	  0.57
42572452001	 -98.35	 36.77	  0.47
42572455002	 -96.58	 39.20	  0.01
42572456000	 -95.62	 39.07	  0.15
42572456001	 -95.28	 38.62	   0.7
42572456004	 -95.27	 38.97	  0.12
42572458000	 -97.65	 39.55	  0.08
42572458001	 -97.70	 39.13	  0.21
42572460002	-101.62	 36.60	  0.01
42572460003	-102.48	 36.73	  0.83
42572460004	-101.22	 36.87	 -0.59
42572460005	-100.92	 37.05	 -0.83
42572462000	-105.87	 37.43	  2.35
42572462001	-104.95	 36.47	  0.63
42572462003	-105.40	 36.70	  3.09
42572462004	-106.58	 36.92	  0.67
42572462007	-106.35	 37.67	  1.68
42572464000	-104.50	 38.28	  0.19
42572464001	-104.48	 37.17	  1.92
42572464002	-104.33	 37.25	  1.33
42572464003	-103.70	 38.03	  1.18
42572465000	-101.68	 39.37	  0.41
42572465001	-102.35	 38.82	  1.34
42572465002	-101.80	 39.77	 -1.15
42572465003	-102.23	 40.07	 -1.08
42572466001	-104.72	 38.82	  0.74
42572469000	-104.87	 39.78	  0.33
42572469001	-106.03	 39.63	  1.06
42572469007	-105.27	 40.00	 -0.09
42572470001	-110.72	 38.37	  2.59
42572470002	-110.17	 39.00	  3.19
42572470003	-111.63	 39.25	  1.38
42572471002	-112.43	 37.82	  1.33
42572471003	-112.83	 37.83	  0.83
42572471007	-112.08	 38.77	  1.61
42572471008	-112.32	 38.95	  1.25
42572476000	-108.53	 39.12	  2.83
42572476001	-107.88	 38.48	   2.0
42572476006	-108.75	 39.17	  1.89
42572480004	-118.10	 38.38	  1.66
42572481001	-120.52	 37.28	  1.39
42572483001	-121.77	 38.53	  0.86
42572483003	-121.50	 38.60	  0.77
42572486000	-114.85	 39.28	  0.73
42572486001	-114.77	 39.40	  0.39
42572487001	-113.57	 37.12	  2.19
42572487002	-113.92	 37.80	  1.17
42572488000	-119.78	 39.50	  1.02
42572488001	-120.13	 39.17	  0.38
42572488002	-118.72	 39.42	  0.96
42572488003	-118.78	 39.45	  0.51
42572491004	-122.02	 36.98	  1.39
42572492000	-121.25	 37.90	  1.74
42572494000	-122.38	 37.62	  1.59
42572501003	 -72.30	 40.95	  0.44
42572502002	 -74.40	 40.60	  0.79
42572502003	 -74.17	 40.70	  0.84
42572502005	 -74.43	 41.03	  0.85
42572502006	 -74.68	 41.38	  0.86
42572503001	 -73.97	 40.78	  0.53
42572503004	 -73.80	 41.27	  1.31
42572503005	 -73.97	 41.38	  0.58
42572504001	 -73.55	 41.13	   1.1
42572504002	 -73.13	 41.17	  0.81
42572504006	 -74.15	 41.77	  0.47
42572507002	 -72.05	 41.35	   0.8
42572507003	 -71.53	 41.48	  0.91
42572507005	 -70.93	 41.63	 -1.11
42572507006	 -71.43	 41.73	  0.93
42572507007	 -71.07	 41.90	  1.19
42572508000	 -72.68	 41.93	  0.75
42572508003	 -73.37	 41.95	  0.68
42572508004	 -73.40	 42.18	 -0.15
42572509000	 -71.03	 42.37	  0.86
42572513000	 -75.73	 41.33	  0.91
42572514000	 -76.92	 41.25	   0.5
42572514003	 -77.87	 40.80	  0.76
42572515000	 -75.98	 42.22	   0.5
42572515002	 -75.87	 41.83	  0.86
42572515003	 -76.80	 42.10	  0.93
42572515006	 -75.53	 42.53	  1.64
42572515007	 -76.18	 42.60	  0.59
42572517000	 -75.43	 40.65	  1.18
42572517001	 -75.93	 40.42	 -0.94
42572517002	 -74.88	 40.57	  0.87
42572517004	 -75.08	 40.83	  0.63
42572518000	 -73.80	 42.75	   1.1
42572518002	 -73.68	 42.75	  0.48
42572518003	 -73.82	 43.03	  0.99
42572518004	 -74.35	 43.05	 -0.73
42572518005	 -73.62	 43.35	  0.45
42572519000	 -76.12	 43.12	  0.23
42572519002	 -76.50	 43.47	 -0.06
42572520000	 -80.22	 40.50	  0.36
42572520001	 -79.72	 39.92	 -0.56
42572520002	 -81.00	 40.27	 -0.45
42572521000	 -81.43	 40.92	  0.55
42572521001	 -81.92	 39.83	  -2.1
42572521003	 -81.87	 40.25	  1.06
42572521004	 -81.92	 40.55	 -0.54
42572521005	 -80.90	 40.72	  0.99
42572521006	 -81.92	 40.78	  0.68
42572523002	 -77.78	 42.25	 -0.06
42572523003	 -78.02	 42.30	 -0.76
42572523004	 -77.35	 42.35	 -0.96
42572523005	 -77.72	 42.57	 -0.33
42572523007	 -77.62	 42.78	  0.33
42572524000	 -81.87	 41.42	  0.96
42572524003	 -82.62	 41.27	  -0.4
42572525000	 -80.67	 41.25	  1.24
42572525001	 -80.37	 41.02	  0.05
42572525002	 -80.82	 41.20	 -0.51
42572525005	 -79.82	 41.38	  0.99
42572526000	 -80.18	 42.08	  0.54
42572526001	 -78.75	 41.42	   0.6
42572526002	 -79.15	 41.85	 -0.34
42572528000	 -78.73	 42.93	  0.44
42572528002	 -79.30	 42.45	   0.5
42572528003	 -78.52	 42.75	  0.14
42572529001	 -77.03	 42.88	 -0.21
42572529002	 -78.18	 42.98	  0.13
42572529003	 -77.67	 43.13	  0.32
42572530000	 -87.90	 42.00	   1.4
42572530001	 -88.35	 41.75	  0.68
42572531001	 -88.17	 39.48	  0.15
42572531002	 -87.70	 39.62	 -0.28
42572531003	 -88.23	 40.10	  0.19
42572531004	 -87.65	 40.13	  0.34
42572531006	 -87.67	 40.47	  0.67
42572532000	 -89.68	 40.67	   1.2
42572532001	 -89.05	 40.90	  0.48
42572533000	 -85.20	 41.00	  0.86
42572533001	 -85.67	 40.57	  0.88
42572533002	 -84.95	 40.67	  0.34
42572533003	 -85.50	 40.85	  -0.2
42572533004	 -84.98	 41.63	  0.17
42572535000	 -86.32	 41.70	  0.54
42572535001	 -86.22	 41.07	  0.82
42572535002	 -85.83	 41.57	  0.92
42572535003	 -86.72	 41.60	  0.55
42572535005	 -86.28	 42.40	  0.85
42572536000	 -83.80	 41.60	  1.03
42572536001	 -82.97	 40.82	  0.26
42572536002	 -83.28	 40.83	 -0.63
42572536003	 -83.67	 41.02	  0.47
42572536004	 -83.67	 41.05	  0.84
42572536005	 -83.17	 41.12	 -0.41
42572536007	 -84.15	 41.52	  0.68
42572536009	 -84.63	 41.93	 -0.31
42572537000	 -83.00	 42.40	  0.56
42572537004	 -83.72	 42.30	 -0.04
42572537006	 -83.02	 42.42	  0.66
42572539002	 -84.47	 42.27	  0.84
42572539003	 -84.60	 42.80	  0.44
42572539004	 -84.67	 43.38	 -0.49
42572543001	 -89.52	 41.83	  -0.5
42572543002	 -89.10	 42.20	  0.64
42572543003	 -88.60	 42.25	  0.63
42572543004	 -89.38	 42.62	  0.72
42572544000	 -90.50	 41.45	  0.89
42572544001	 -90.97	 40.58	 -0.45
42572544003	 -90.63	 40.92	  0.51
42572544004	 -91.55	 40.95	  0.55
42572544006	 -90.73	 41.23	 -0.23
42572544008	 -89.60	 41.55	 -0.32
42572545001	 -91.95	 41.03	  0.41
42572545002	 -92.45	 41.10	  0.32
42572545003	 -91.68	 41.28	  0.21
42572545005	 -92.27	 41.90	 -0.84
42572546000	 -93.65	 41.53	  0.03
42572546001	 -92.78	 41.07	 -0.12
42572546002	 -93.55	 41.37	 -0.76
42572548002	 -93.25	 42.52	 -0.64
42572548003	 -92.40	 42.55	  0.65
42572548004	 -91.80	 42.85	 -1.03
42572548005	 -92.67	 43.05	  0.04
42572548006	 -92.32	 43.07	  0.42
42572549001	 -94.62	 42.40	 -1.06
42572549002	 -94.20	 42.50	  -1.5
42572549003	 -94.30	 43.07	  -0.5
42572549004	 -93.33	 43.15	  0.14
42572549005	 -93.63	 43.28	  -0.3
42572551001	 -96.15	 40.10	 -0.41
42572551002	 -96.22	 40.37	  -0.5
42572551003	 -96.95	 40.62	  0.13
42572551004	 -96.18	 40.67	  0.12
42572551005	 -97.10	 40.90	  0.36
42572551007	 -97.12	 41.27	  -0.6
42572552002	 -98.52	 40.10	 -1.36
42572552003	 -99.37	 40.43	 -0.86
42572552004	 -98.95	 40.52	  0.73
42572552005	 -98.38	 40.65	   0.3
42572552006	 -97.60	 40.87	  -0.5
42572552007	 -98.47	 41.27	  0.47
42572552008	 -98.97	 41.28	  0.03
42572552009	 -98.77	 41.50	 -0.25
42572553001	 -95.78	 41.63	 -1.13
42572553002	 -96.22	 41.77	 -1.03
42572554002	 -95.03	 40.73	 -0.92
42572554003	 -96.15	 40.87	 -0.51
42572556000	 -97.43	 41.98	  0.88
42572556001	 -97.77	 41.45	  0.11
42572556002	 -97.98	 41.67	  0.84
42572556003	 -97.45	 41.83	 -0.72
42572557000	 -96.38	 42.40	 -0.03
42572557001	 -96.87	 42.27	  0.42
42572557002	 -96.92	 42.75	  0.03
42572557003	 -96.17	 42.78	 -0.69
42572558001	 -96.35	 41.05	  0.38
42572561003	-102.63	 41.15	  0.75
42572561004	-103.67	 41.25	   0.0
42572562000	-100.68	 41.13	  0.88
42572562001	-100.50	 40.67	 -0.82
42572562002	-100.17	 40.93	 -0.45
42572564000	-104.82	 41.15	  0.54
42572564001	-104.15	 41.17	 -0.62
42572564002	-105.68	 41.32	   1.2
42572564003	-104.82	 41.75	 -0.46
42572566001	-103.10	 41.67	  0.59
42572566002	-103.60	 41.87	   0.3
42572566003	-104.22	 42.08	 -0.77
42572566005	-103.88	 42.68	  0.26
42572566006	-104.48	 42.75	 -0.77
42572567000	-100.55	 42.87	  0.42
42572567001	-100.25	 42.07	  -0.7
42572567002	-100.48	 43.50	 -1.27
42572569000	-106.47	 42.92	  0.85
42572572000	-111.97	 40.78	   2.3
42572572001	-111.60	 40.08	  1.56
42572572003	-111.42	 40.50	   2.3
42572572004	-112.30	 40.53	  0.94
42572572005	-111.50	 40.55	  1.86
42572572006	-111.65	 41.03	  2.54
42572572010	-110.95	 41.27	  0.76
42572572011	-111.15	 41.53	  0.53
42572572012	-112.12	 41.55	  1.86
42572572013	-111.80	 41.75	  1.67
42572572014	-111.32	 41.82	  0.77
42572576000	-108.73	 42.82	 -0.21
42572578000	-112.60	 42.92	  1.21
42572578001	-112.28	 42.17	  1.97
42572578002	-113.88	 42.23	 -0.02
42572578003	-113.77	 42.53	  1.28
42572578004	-111.73	 42.58	  1.86
42572578005	-112.83	 42.95	  1.09
42572581000	-114.03	 40.73	 -0.41
42572582002	-115.78	 40.83	  0.98
42572582003	-114.97	 41.12	  1.87
42572583000	-117.80	 40.90	   0.3
42572583004	-116.88	 40.62	   0.5
42572583005	-117.48	 40.95	  0.07
42572583006	-120.17	 41.53	 -0.72
42572591001	-123.20	 39.15	 -0.01
42572591003	-121.82	 39.70	  0.61
42572591004	-122.20	 39.75	   1.4
42572592001	-122.30	 40.50	 -0.78
42572592003	-122.32	 41.32	  0.13
42572594000	-124.17	 40.80	  0.96
42572594001	-123.78	 39.50	  0.08
42572594002	-123.53	 41.30	   1.5
42572597000	-122.87	 42.37	  1.79
42572597001	-122.63	 41.72	  0.42
42572597003	-124.25	 42.03	  0.94
42572597006	-121.78	 42.20	  1.01
42572597007	-122.72	 42.22	  1.62
42572597008	-123.35	 42.43	  0.32
42572597011	-122.52	 42.73	  1.29
42572597012	-122.13	 42.90	 -0.26
42572597013	-123.35	 42.95	   1.0
42572605000	 -71.50	 43.20	  0.55
42572605002	 -70.95	 43.15	  0.76
42572606000	 -70.32	 43.65	  1.08
42572608001	 -68.27	 44.35	 -0.68
42572612001	 -72.82	 44.92	  0.68
42572612002	 -71.28	 45.08	 -0.04
42572613001	 -71.30	 44.30	  0.75
42572614001	 -72.45	 43.98	  0.74
42572614003	 -72.02	 44.42	  0.59
42572617000	 -73.15	 44.47	  1.27
42572617004	 -73.98	 44.25	  1.14
42572617006	 -73.72	 44.72	 -0.25
42572617008	 -73.43	 44.88	 -0.28
42572618001	 -70.15	 44.68	 -0.12
42572619003	 -68.67	 44.90	  1.27
42572619005	 -68.70	 45.65	  0.01
42572632001	 -82.83	 42.62	  1.34
42572635000	 -85.52	 42.88	  0.21
42572636000	 -86.23	 43.17	   0.1
42572636003	 -86.35	 43.68	 -0.97
42572636004	 -85.48	 43.70	  0.93
42572637000	 -83.75	 42.97	  0.04
42572637002	 -84.08	 43.53	  0.48
42572637003	 -84.22	 43.62	  0.72
42572638002	 -85.58	 44.73	  1.62
42572639000	 -83.57	 45.07	  0.54
42572639001	 -83.50	 44.28	 -0.06
42572640000	 -87.90	 42.95	   2.2
42572640001	 -87.77	 42.70	   0.6
42572640002	 -88.03	 43.07	   2.0
42572641000	 -89.33	 43.13	   1.2
42572641001	 -88.73	 43.18	 -0.03
42572641002	 -89.43	 43.52	 -0.05
42572641003	 -89.53	 44.12	  1.25
42572643001	 -90.92	 43.57	 -0.42
42572643002	 -91.30	 43.90	  1.07
42572643004	 -90.13	 44.65	  2.03
42572643005	 -91.50	 44.90	  1.47
42572644000	 -92.50	 43.92	  0.49
42572644001	 -93.42	 43.62	  -0.6
42572644002	 -92.57	 43.70	 -0.13
42572644003	 -92.67	 44.30	  0.47
42572645000	 -88.13	 44.48	  1.36
42572645001	 -88.45	 43.80	  0.57
42572645002	 -88.55	 44.03	  0.38
42572645003	 -87.68	 44.10	  0.55
42572645006	 -89.60	 44.90	  1.54
42572648002	 -88.08	 45.78	  0.01
42572650001	 -95.18	 42.63	  0.14
42572650002	 -94.83	 43.42	 -0.76
42572650003	 -94.47	 43.63	 -0.16
42572650004	 -94.17	 43.77	  0.42
42572651000	 -96.73	 43.58	 -0.05
42572651001	 -97.58	 43.23	  -1.0
42572651002	 -96.67	 43.30	 -0.96
42572651004	 -97.78	 43.65	 -0.79
42572651005	 -96.32	 44.02	 -0.14
42572653002	-100.70	 43.88	 -0.68
42572653003	 -99.87	 43.92	  0.44
42572653004	 -99.07	 44.07	  -1.4
42572653005	-100.28	 44.38	  0.02
42572653007	 -99.47	 44.52	  -0.7
42572654000	 -98.22	 44.38	  0.13
42572654001	 -97.52	 44.02	 -1.14
42572654002	 -98.07	 44.03	 -0.67
42572654003	 -97.73	 44.88	 -0.91
42572655000	 -94.07	 45.55	  0.51
42572655003	 -93.30	 45.88	   0.2
42572658000	 -93.22	 44.88	  1.32
42572658001	 -93.18	 44.67	  1.36
42572659000	 -98.43	 45.45	 -0.27
42572659001	 -99.13	 45.03	 -0.72
42572659002	 -98.50	 45.15	 -1.71
42572659003	 -99.63	 45.78	 -0.46
42572659004	 -98.40	 46.15	 -0.58
42572661001	-104.20	 44.93	 -0.24
42572661003	-104.53	 45.88	  0.27
42572661004	-102.65	 45.98	 -0.65
42572661005	-102.87	 46.55	   0.4
42572662001	-103.47	 43.43	  0.14
42572662002	-104.22	 43.85	  0.25
42572662004	-103.28	 44.12	 -1.73
42572666001	-106.83	 44.83	 -0.54
42572670001	-110.58	 43.85	  0.66
42572670003	-107.97	 44.02	 -0.43
42572670004	-108.05	 44.38	 -1.29
42572670008	-108.75	 44.78	 -1.83
42572670010	-110.70	 44.97	  0.33
42572670011	-109.25	 45.18	 -0.92
42572670012	-110.57	 45.48	 -1.87
42572671002	-109.07	 41.60	  4.63
42572671005	-109.87	 42.87	  0.55
42572671006	-111.03	 43.78	  0.32
42572672000	-108.47	 43.07	 -0.23
42572672001	-108.93	 43.23	 -1.56
42572677000	-108.53	 45.80	 -0.23
42572677005	-108.32	 46.85	  0.26
42572681000	-116.22	 43.57	  0.65
42572681004	-114.35	 43.68	 -0.41
42572681006	-116.93	 44.08	  0.66
42572681008	-116.68	 44.57	  0.29
42572683001	-120.37	 42.22	   0.6
42572683003	-118.83	 43.28	  -0.5
42572688000	-118.85	 45.68	 -1.76
42572688002	-117.88	 45.22	  0.05
42572688005	-119.55	 45.37	  -1.2
42572688006	-118.82	 45.48	 -1.06
42572693000	-123.22	 44.12	 -0.38
42572693001	-123.37	 43.22	  1.07
42572693002	-124.25	 43.42	  1.04
42572693003	-123.32	 43.67	   0.5
42572693005	-121.28	 44.07	 -0.92
42572694002	-120.90	 44.35	 -0.64
42572694004	-123.20	 44.63	  0.23
42572698000	-122.60	 45.60	 -0.39
42572698002	-122.15	 45.45	  0.39
42572698007	-122.65	 45.68	 -0.44
42572698008	-121.52	 45.68	 -0.87
42572698010	-122.92	 46.15	  0.07
42572712000	 -68.02	 46.87	 -0.54
42572713001	 -67.78	 46.13	 -0.84
42572713002	 -67.83	 46.20	 -0.71
42572713003	 -68.00	 46.65	 -0.78
42572734000	 -84.40	 46.50	  0.47
42572734002	 -85.50	 46.33	  0.43
42572741002	 -90.35	 45.13	  0.22
42572741003	 -91.88	 45.82	   1.5
42572741005	 -90.18	 46.47	 -0.16
42572743000	 -87.40	 46.60	 -1.07
42572743001	 -88.62	 46.05	 -0.72
42572743002	 -86.92	 46.33	  0.51
42572743005	 -87.98	 46.52	 -1.06
42572744001	 -88.50	 47.17	  1.17
42572745000	 -92.18	 46.83	  1.11
42572745001	 -92.52	 46.70	   1.3
42572745002	 -91.67	 47.02	  1.72
42572745003	 -92.85	 47.38	  1.74
42572745004	 -92.57	 47.47	  1.11
42572747000	 -93.38	 48.57	  2.11
42572750001	 -94.12	 46.67	 -0.36
42572750003	 -95.07	 46.90	  0.26
42572753000	 -96.80	 46.90	  0.17
42572753002	 -96.60	 46.32	 -0.24
42572753003	 -97.68	 46.43	 -0.94
42572753006	 -97.07	 47.45	 -0.38
42572753008	 -97.08	 47.93	   1.1
42572755002	 -95.20	 47.22	  0.21
42572755003	 -94.22	 47.25	 -0.49
42572755005	 -95.73	 47.57	 -1.22
42572756001	 -94.62	 48.72	  1.96
42572758001	 -98.68	 46.88	 -0.02
42572758006	 -97.42	 48.42	  0.62
42572758007	-100.30	 48.62	 -0.44
42572758008	 -98.33	 48.75	 -0.22
42572758009	-100.45	 48.83	  1.06
42572764000	-100.75	 46.77	  0.88
42572764002	-102.33	 46.38	 -0.08
42572764003	 -99.77	 46.50	 -0.35
42572764005	-100.90	 46.80	  0.64
42572765002	-102.80	 46.88	   0.6
42572765003	-102.32	 46.88	  0.28
42572765004	-102.65	 47.35	  1.77
42572765005	-101.28	 48.27	  0.86
42572767000	-103.63	 48.18	 -0.09
42572767001	-104.35	 47.45	  0.72
42572767002	-104.45	 48.48	 -0.06
42572767003	-103.30	 48.90	   0.2
42572768000	-106.62	 48.22	 -0.47
42572768001	-106.90	 47.32	 -0.01
42572768003	-107.73	 48.40	 -0.45
42572772000	-112.00	 46.60	  -1.8
42572772001	-112.63	 45.20	 -0.94
42572772003	-111.95	 45.30	 -0.25
42572772004	-111.72	 45.35	 -0.49
42572772005	-111.63	 45.48	  -0.4
42572772006	-111.05	 45.67	 -0.42
42572772010	-112.95	 46.13	 -0.22
42572773000	-114.08	 46.92	   0.3
42572773001	-113.90	 45.18	 -0.33
42572773002	-114.15	 46.25	 -1.39
42572773003	-113.30	 46.32	  -0.1
42572775001	-109.95	 47.05	  0.12
42572775004	-112.25	 48.32	  0.19
42572776000	-111.38	 47.47	  -0.7
42572776001	-111.72	 47.22	 -0.28
42572776002	-112.38	 47.48	 -0.45
42572777001	-109.80	 48.50	  0.71
42572777002	-109.23	 48.58	  0.01
42572779000	-114.27	 48.30	 -0.48
42572779002	-112.37	 48.60	  0.01
42572779003	-114.90	 48.78	 -1.54
42572781000	-120.53	 46.57	 -1.33
42572781001	-120.72	 45.48	 -1.01
42572781003	-120.55	 46.97	 -1.31
42572781004	-120.95	 47.18	  -1.4
42572781005	-120.20	 47.40	 -0.79
42572781006	-120.32	 47.42	 -1.04
42572783000	-117.02	 46.38	 -0.57
42572783003	-116.30	 46.50	 -0.01
42572783004	-116.97	 46.73	 -0.15
42572783005	-117.18	 46.77	 -0.59
42572784001	-119.10	 46.22	 -1.63
42572785002	-116.12	 47.53	 -0.65
42572785003	-117.53	 47.63	 -0.44
42572785005	-116.57	 48.28	 -0.88
42572786001	-118.37	 47.12	 -0.98
42572786002	-118.70	 47.32	 -0.92
42572786004	-118.13	 47.65	  -1.1
42572786006	-116.83	 48.35	 -1.14
42572786008	-117.78	 48.92	  0.53
42572786009	-116.50	 49.00	 -0.72
42572788003	-118.42	 45.95	 -1.77
42572788005	-118.00	 46.32	 -1.04
42572789002	-120.72	 48.35	  -1.3
42572789003	-120.18	 48.47	 -0.25
42572791000	-123.88	 46.15	  0.36
42572791001	-123.87	 45.45	  0.49
42572791002	-124.03	 46.37	  0.16
42572791003	-123.72	 46.65	 -1.01
42572793000	-122.33	 47.60	  0.39
42572793002	-121.73	 47.42	 -0.25
42572793007	-122.30	 47.65	  0.25
42572793010	-122.18	 47.98	 -0.15
42572797001	-124.37	 47.95	  0.01
42574001003	 -86.20	 35.35	  0.05
42574002002	 -76.97	 39.55	  1.08
42574002004	 -76.75	 39.92	  0.58
42574002005	 -77.63	 39.93	  0.74
42574201001	-123.43	 48.12	 -0.31
42574201002	-122.75	 48.12	 -0.15
42574201005	-122.80	 48.62	  0.31
42574201006	-122.52	 48.72	  1.06
42574201008	-122.33	 48.97	  0.21
42574201009	-122.75	 49.00	 -0.57
42574206001	-121.82	 46.75	 -0.51
42574206003	-122.00	 47.17	  0.56
42574230001	-104.50	 46.42	  0.27
42574230002	-105.87	 46.43	  0.78
42574230003	-104.97	 46.77	 -0.06
42574230004	-104.72	 47.10	 -0.18
42574341001	 -94.45	 44.30	 -0.52
42574341003	 -94.93	 44.72	 -0.97
42574341004	 -95.75	 44.93	  -0.3
42574341005	 -95.93	 45.13	   0.4
42574341007	 -95.88	 45.58	  0.43
42574357001	 -90.78	 42.83	  -0.6
42574357002	 -91.15	 43.03	  0.97
42574365001	 -84.78	 45.57	  0.97
42574365002	 -84.47	 45.65	 -1.13
42574370001	 -75.48	 43.80	  -1.3
42574370003	 -75.87	 43.97	 -0.29
42574370004	 -76.02	 44.00	  0.52
42574370005	 -74.90	 44.15	 -0.62
42574370006	 -75.12	 44.57	  -0.4
42574370008	 -74.65	 44.75	  0.13
42574389001	 -70.22	 44.10	  0.55
42574392001	 -69.93	 43.88	  1.04
42574392002	 -69.78	 44.22	  0.16
42574392003	 -69.80	 44.32	  0.35
42574413002	-114.13	 42.60	 -0.25
42574413003	-114.52	 42.73	 -0.14
42574420001	-110.40	 40.17	  2.34
42574420002	-109.87	 40.28	  4.21
42574420003	-109.52	 40.45	  3.55
42574421002	-106.83	 40.50	  0.85
42574431005	-104.95	 42.12	 -0.03
42574433001	 -99.88	 39.02	 -0.08
42574433003	 -99.83	 39.70	 -0.39
42574433005	-100.52	 39.83	  -0.8
42574433006	 -99.83	 40.13	  0.22
42574433007	-101.63	 40.52	 -0.49
42574440000	 -97.33	 40.10	  0.73
42574440002	 -96.75	 40.30	 -1.38
42574440003	 -97.60	 40.53	  0.04
42574440004	 -97.58	 40.63	 -1.23
42574445001	 -97.97	 42.07	 -0.82
42574455001	 -90.27	 41.80	  0.73
42574455002	 -89.97	 41.82	 -0.04
42574460001	 -88.63	 40.88	 -0.42
42574460002	 -88.92	 41.33	  -0.2
42574465001	 -87.28	 41.55	  -0.3
42574466005	 -86.58	 41.02	   0.3
42574468001	 -85.77	 38.70	   1.0
42574468005	 -85.92	 39.20	  0.88
42574480001	 -74.97	 42.52	 -0.91
42574480002	 -74.92	 42.70	  0.14
42574480005	 -74.87	 43.07	 -0.55
42574480007	 -75.38	 43.15	  0.34
42574484001	 -72.32	 42.95	 -0.63
42574484002	 -72.60	 43.38	  0.18
42574490006	 -71.28	 42.48	  1.21
42574491001	 -72.53	 42.38	  0.75
42574492000	 -71.12	 42.22	  0.55
42574492001	 -70.70	 41.98	  0.85
42574506002	-122.43	 37.77	  0.95
42574509004	-121.77	 37.67	  1.99
42574516001	-122.65	 38.27	  0.96
42574516004	-121.95	 38.40	   1.1
42574516005	-122.70	 38.45	   1.7
42574516006	-122.87	 38.62	  0.64
42574521001	-109.55	 37.28	  1.85
42574521003	-109.48	 37.62	  3.21
42574521004	-107.13	 37.77	  2.18
42574521006	-107.87	 37.95	  0.24
42574530001	-101.25	 37.93	  1.26
42574530002	-102.12	 38.05	  1.31
42574530004	-102.62	 38.08	  0.35
42574531002	-105.28	 39.22	  -1.9
42574533002	-105.08	 40.58	  1.28
42574541001	 -99.33	 37.27	  0.93
42574541002	 -99.10	 38.18	  -0.2
42574542001	 -94.88	 36.88	 -0.67
42574542002	 -96.18	 37.13	  0.95
42574542003	 -94.85	 37.17	 -0.28
42574542004	 -95.70	 37.25	  0.68
42574542006	 -94.70	 37.85	 -0.57
42574545001	 -97.67	 38.38	  0.27
42574550001	 -92.27	 37.15	  -1.1
42574550002	 -92.65	 37.67	  0.28
42574550004	 -93.37	 38.25	  -0.6
42574551002	 -93.42	 38.97	 -0.91
42574551003	 -93.87	 39.20	   0.3
42574551004	 -93.12	 39.42	 -1.72
42574556002	 -90.38	 39.43	  -0.5
42574556005	 -90.20	 39.73	 -0.42
42574556007	 -91.88	 39.97	  0.16
42574594003	 -76.80	 38.97	  0.84
42574595001	 -75.52	 38.33	  0.61
42574595002	 -75.58	 38.37	  0.88
42574595003	 -75.58	 38.83	  0.66
42574598003	 -76.70	 37.30	  0.66
42574611001	-116.78	 34.87	  1.11
42574619001	-116.87	 36.47	  0.14
42574629001	-106.10	 32.38	  1.53
42574630001	-106.88	 34.08	  2.01
42574635005	-108.00	 36.83	  2.26
42574638001	-102.73	 34.23	  0.94
42574638003	-104.25	 34.47	  1.64
42574640002	 -99.40	 35.60	  -0.9
42574640003	 -98.32	 36.12	 -0.16
42574640004	 -99.17	 36.23	 -0.98
42574640007	 -99.62	 36.83	  0.39
42574647002	 -97.10	 36.12	 -0.06
42574647003	 -97.30	 36.28	  0.83
42574647005	 -97.87	 36.42	  0.45
42574647006	 -97.80	 36.72	  0.65
42574647007	 -97.10	 36.73	  1.98
42574647008	 -97.05	 36.88	  0.38
42574648002	 -96.30	 35.43	  1.68
42574648004	 -96.02	 35.62	  -0.5
42574648005	 -95.33	 35.77	   0.7
42574648006	 -94.97	 35.93	  0.45
42574649001	 -97.15	 34.20	  0.46
42574649003	 -97.28	 34.73	  0.81
42574649004	 -96.68	 34.78	 -0.19
42574662001	 -89.67	 36.20	   0.7
42574662003	 -89.97	 37.30	  0.88
42574671002	 -87.37	 36.55	  1.19
42574693001	 -78.98	 34.62	  1.25
42574693002	 -78.87	 35.07	  0.82
42574693004	 -77.97	 35.33	  1.76
42574695001	 -76.62	 36.05	  0.54
42574699001	 -78.02	 34.00	 -0.46
42574699002	 -77.90	 34.30	  0.34
42574702001	-119.65	 36.30	  1.04
42574718001	-116.17	 33.63	  0.34
42574731001	-104.68	 34.95	  0.85
42574731003	-103.68	 35.20	  0.79
42574732002	-105.85	 32.95	   0.8
42574732004	-106.05	 33.08	  1.44
42574733001	-105.88	 33.63	  2.58
42574734001	-106.73	 32.62	  1.66
42574735001	-100.92	 32.72	  1.39
42574750002	 -96.47	 32.08	   1.4
42574752002	 -95.03	 33.63	  0.72
42574752003	 -93.38	 33.80	   0.7
42574753001	 -91.72	 32.10	  1.64
42574753002	 -92.33	 32.52	  1.51
42574753003	 -92.05	 32.52	  1.66
42574753004	 -91.90	 32.78	 -0.24
42574754002	 -92.47	 31.32	  1.67
42574754004	 -91.38	 31.55	  1.31
42574755001	 -91.98	 30.20	  1.54
42574755002	 -92.03	 30.43	   1.4
42574769005	 -88.52	 33.83	 -0.09
42574769006	 -89.00	 34.15	  0.62
42574769008	 -89.53	 34.38	  1.57
42574777001	 -87.32	 30.35	  1.16
42574777003	 -87.20	 30.47	  1.59
42574777005	 -87.02	 30.72	  0.81
42574777006	 -87.05	 31.07	  0.18
42574778001	 -86.07	 30.73	  0.94
42574780001	 -81.92	 31.93	 -0.13
42574781001	 -83.43	 30.53	  0.86
42574781002	 -83.58	 30.80	  1.01
42574790001	 -80.35	 33.93	  0.72
42574790004	 -80.65	 34.25	  0.41
42574790005	 -79.88	 34.30	   1.1
42574791003	 -79.05	 33.83	   0.9
42574792001	 -80.87	 33.50	   1.8
42574792002	 -79.82	 33.65	  0.54
42574795001	 -80.35	 27.47	  0.34
42591165000	-159.35	 21.98	  0.61
42591182000	-157.93	 21.35	  0.53
42591190000	-156.43	 20.90	  0.66
42591285000	-155.07	 19.72	  0.28
43104220000	 -52.75	 68.70	  -4.6
43104250000	 -51.75	 64.17	 -3.49
43104320000	 -18.67	 76.77	  0.58
43104360000	 -37.63	 65.60	 -0.11
43104390000	 -43.17	 60.05	 -1.82
50194120000	 130.87	-12.40	 -0.17
50194203000	 122.22	-17.95	 -0.38
50194212000	 127.65	-18.22	 -0.48
50194287000	 145.75	-16.88	 -0.01
50194294000	 146.75	-19.25	  0.78
50194300000	 113.67	-24.87	  0.11
50194312000	 119.57	-20.10	  -0.1
50194326000	 133.88	-23.80	  0.71
50194367000	 149.22	-21.12	  0.68
50194403000	 114.70	-28.78	 -0.53
50194430000	 118.53	-26.60	  1.04
50194461000	 128.28	-25.03	   0.3
50194510000	 146.27	-26.40	  0.32
50194578000	 153.10	-27.40	 -0.27
50194610000	 116.00	-31.90	  0.37
50194637000	 121.45	-30.78	  0.61
50194653000	 133.70	-32.12	  0.28
50194659000	 136.82	-31.13	  0.95
50194672000	 138.52	-34.93	  0.57
50194693000	 142.08	-34.22	  0.48
50194711000	 145.82	-31.48	  0.44
50194767000	 151.18	-33.95	  0.62
50194776000	 151.82	-32.78	  0.78
50194791000	 153.12	-30.32	  0.56
50194821000	 140.78	-37.73	  0.25
50194865000	 144.73	-37.85	 -0.04
50194907000	 147.13	-38.10	  0.51
50194910000	 147.45	-35.15	  0.55
50194926000	 149.18	-35.30	  0.21
50194968000	 147.20	-41.53	  0.06
50194975000	 147.48	-42.83	  0.49
50194995000	 159.07	-31.53	  0.84
50194998000	 158.95	-54.48	  0.41
50548601000	 100.27	  5.30	  0.28
50548615000	 102.28	  6.17	  0.38
50548647000	 101.55	  3.12	  0.38
50548657000	 103.22	  3.62	  0.52
50548665000	 102.25	  2.27	  0.55
50596413000	 110.33	  1.48	 -0.02
50596441000	 113.03	  3.20	  0.48
50596449000	 113.98	  4.33	 -0.15
50596471000	 116.05	  5.93	  0.78
50596491000	 118.07	  5.90	  0.37
50793780000	 172.52	-43.48	 -0.18
50793844000	 168.55	-46.70	  0.23
50998223000	 120.53	 18.18	  0.69
52694299000	 149.98	-16.30	 -0.01
52791334000	 151.85	  7.47	  0.31
52791348000	 158.22	  6.97	 -0.03
52891925000	-139.03	 -9.80	  0.17
52891930000	-151.75	-16.45	  0.44
52891938000	-149.62	-17.55	  0.74
52891943000	-145.03	-14.48	  1.03
52891958000	-144.33	-27.62	  0.67
53191366000	 167.73	  8.73	  0.51
53191376000	 171.38	  7.08	  0.14
53494996000	 167.93	-29.03	  0.48
53691408000	 134.48	  7.33	  0.46
60311120000	  11.35	 47.27	  2.77
60311240000	  15.43	 47.00	  2.06
60311320000	  11.40	 47.30	  2.54
61111406000	  12.40	 50.08	  1.41
61111518000	  14.25	 50.10	  1.21
61111723000	  16.70	 49.15	   1.5
61111782000	  18.12	 49.68	  1.68
61206030000	   9.87	 57.10	   1.3
61402836000	  26.65	 67.37	  3.36
61402869000	  29.18	 65.97	  2.94
61402875000	  25.37	 64.93	  3.01
61402897000	  27.68	 64.28	  2.88
61402929000	  29.63	 62.67	  2.99
61402963000	  23.50	 60.82	  2.97
61402972000	  22.27	 60.52	  2.73
61402974000	  25.00	 60.30	  2.85
61710035000	   9.52	 54.47	  0.77
61710147000	  10.00	 53.63	   1.1
61710170000	  12.08	 54.18	  0.93
61710338000	   9.68	 52.47	  1.19
61710379000	  13.07	 52.38	  1.28
61710410000	   6.97	 51.40	  1.02
61710438000	   9.45	 51.30	   0.3
61710499000	  14.95	 51.17	  1.46
61710763000	  11.05	 49.50	  1.82
61710961000	  10.98	 47.42	  1.97
61816622000	  22.97	 40.52	  1.15
61816641000	  19.92	 39.62	  0.66
61816648000	  22.42	 39.63	  0.66
61816714000	  23.72	 37.97	 -0.05
61816716000	  23.73	 37.90	 -0.34
62004018000	 -22.60	 63.97	 -1.07
62004063000	 -18.08	 65.68	 -0.39
62004082000	 -15.20	 64.30	 -0.38
62316045000	  13.10	 46.00	   1.3
62316090000	  10.87	 45.38	  2.65
62316110000	  13.75	 45.65	   1.7
62316320000	  17.95	 40.65	  0.85
62316459000	  14.92	 37.40	  1.27
62316560000	   9.07	 39.25	   0.6
63016597000	  14.48	 35.85	   0.9
63306260000	   5.18	 52.10	  1.21
63401025000	  19.00	 69.50	  0.97
63401028000	  19.02	 74.52	   1.7
63401098000	  31.10	 70.37	  1.51
63401152000	  14.37	 67.27	   2.0
63401241000	   9.60	 63.70	  1.08
63401317000	   5.30	 60.40	  0.64
63401384000	  11.08	 60.20	  2.35
63401415000	   5.63	 58.88	  1.41
63608515000	 -25.17	 36.97	  0.26
63822113000	  33.05	 68.97	  3.12
63827612000	  37.62	 55.83	   2.8
64308001000	  -8.42	 43.37	  1.29
64308141000	  -4.77	 41.65	  1.61
64308306000	   2.73	 39.55	 -0.58
64308314000	   4.30	 39.90	  0.91
64308359000	  -0.50	 38.37	  0.82
64308449000	  -6.35	 36.65	   1.1
64502080000	  22.50	 68.45	  2.71
64502196000	  24.15	 65.83	  3.31
64502226000	  14.50	 63.18	  2.43
64502418000	  13.47	 59.37	  2.15
64502512000	  11.88	 57.78	  0.76
64502550000	  14.08	 57.77	  0.67
64502590000	  18.35	 57.67	   1.0
64606660000	   8.57	 47.38	  1.96
64606680000	   9.35	 47.25	   2.8
64606700000	   6.13	 46.25	  2.67
64606770000	   8.97	 46.00	  1.78
64917022000	  31.80	 41.45	 -0.67
64917030000	  36.33	 41.28	 -0.87
64917034000	  38.40	 40.92	 -1.08
64917050000	  26.57	 41.67	  0.29
64917062000	  29.08	 40.97	  0.35
64917074000	  33.77	 41.37	  0.45
64917084000	  34.97	 40.55	 -0.14
64917090000	  37.02	 39.75	  0.17
64917092000	  39.50	 39.73	  0.89
64917098000	  43.08	 40.60	  0.78
64917112000	  26.40	 40.13	 -0.08
64917116000	  29.07	 40.18	  0.02
64917130000	  32.90	 40.00	  0.43
64917188000	  29.42	 38.67	  0.13
64917190000	  30.53	 38.75	  0.25
64917210000	  42.00	 37.93	 -0.01
64917240000	  30.55	 37.75	  -0.2
64917250000	  34.68	 37.97	 -0.37
64917255000	  36.93	 37.60	   0.0
64917270000	  38.77	 37.13	  0.53
64917280000	  40.18	 37.88	 -1.04
64917292000	  28.35	 37.20	  0.04
64917300000	  30.73	 36.70	 -1.15
65103005000	  -1.18	 60.13	  0.48
65103026000	  -6.32	 58.22	  0.52
65103091000	  -2.22	 57.20	  1.21
65103100000	  -6.88	 56.50	  0.63
65103160000	  -3.35	 55.95	  0.92
65103162000	  -3.20	 55.32	  0.85
65103302000	  -4.53	 53.25	  0.86
65103334000	  -2.27	 53.35	  1.17
65103377000	  -0.52	 53.17	  1.29
65103715000	  -3.40	 51.40	  1.52
65103776000	  -0.18	 51.15	  1.87
65103862000	  -1.83	 50.78	  1.52
65103917000	  -6.22	 54.65	  1.13
65408522000	 -16.90	 32.63	  0.54
70089564000	  62.87	-67.60	  -0.5
